1653820597.183061,296
1653820597.283558,296
1653820597.384872,294
1653820597.48612,295
1653820597.58803,295
1653820597.689052,296
1653820597.790189,295
1653820597.891619,294
1653820597.992702,295
1653820598.094228,295
1653820598.195595,295
1653820598.296661,295
1653820598.398163,294
1653820598.499313,295
1653820598.600786,294
1653820598.702561,294
1653820598.803234,295
1653820598.904685,294
1653820599.005876,294
1653820599.107407,294
1653820599.208653,294
1653820599.309875,294
1653820599.411323,294
1653820599.51279,295
1653820599.613941,294
1653820599.716382,294
1653820599.816452,294
1653820599.918003,293
1653820600.019748,294
1653820600.120547,293
1653820600.222037,293
1653820600.323127,294
1653820600.424783,294
1653820600.526127,294
1653820600.627366,294
1653820600.728354,294
1653820600.83014,294
1653820600.930978,294
1653820601.032478,294
1653820601.134579,293
1653820601.235123,294
1653820601.336487,294
1653820601.437798,294
1653820601.538914,293
1653820601.640363,293
1653820601.74197,294
1653820601.842948,294
1653820601.944402,293
1653820602.045669,293
1653820602.146876,293
1653820602.248288,294
1653820602.350283,293
1653820602.450799,294
1653820602.552463,296
1653820602.653441,294
1653820602.75502,294
1653820602.856318,293
1653820602.957372,294
1653820603.058919,294
1653820603.160046,294
1653820603.26148,294
1653820603.362684,294
1653820603.464158,294
1653820603.565371,295
1653820603.666837,295
1653820603.768058,296
1653820603.869371,295
1653820603.970745,295
1653820604.072674,294
1653820604.173251,294
1653820604.274927,294
1653820604.375848,294
1653820604.477379,293
1653820604.578826,293
1653820604.67979,294
1653820604.781178,293
1653820604.882446,292
1653820604.983903,292
1653820605.085518,293
1653820605.186397,293
1653820605.28797,293
1653820605.389366,294
1653820605.490314,293
1653820605.591774,293
1653820605.692983,294
1653820605.794458,294
1653820605.895732,294
1653820605.996953,294
1653820606.098413,294
1653820606.199817,295
1653820606.300909,293
1653820606.402214,293
1653820606.50352,294
1653820606.604946,293
1653820606.706233,294
1653820606.807468,293
1653820606.908983,293
1653820607.011365,292
1653820607.111402,293
1653820607.212886,294
1653820607.315446,293
1653820607.415358,294
1653820607.516935,294
1653820607.618122,295
1653820607.719407,295
1653820607.820772,294
1653820607.922074,294
1653820608.023346,294
1653820608.124785,294
1653820608.226017,294
1653820608.327498,293
1653820608.428858,293
1653820608.529881,293
1653820608.631352,293
1653820608.732654,293
1653820608.833905,293
1653820608.93522,293
1653820609.0365,293
1653820609.137956,293
1653820609.239322,293
1653820609.340547,293
1653820609.441774,292
1653820609.543287,292
1653820609.644456,292
1653820609.745968,292
1653820609.847076,292
1653820609.954621,292
1653820610.049712,292
1653820610.159441,292
1653820610.252505,290
1653820610.353758,291
1653820610.455408,292
1653820610.556315,291
1653820610.657771,292
1653820610.759141,292
1653820610.860278,293
1653820610.961765,292
1653820611.063599,292
1653820611.164244,291
1653820611.265788,291
1653820611.368343,291
1653820611.468269,292
1653820611.569692,291
1653820611.671069,291
1653820611.772191,291
1653820611.874035,292
1653820611.975084,292
1653820612.076244,292
1653820612.177662,292
1653820612.280219,292
1653820612.380244,292
1653820612.481507,292
1653820612.582921,292
1653820612.684208,292
1653820612.78544,292
1653820612.886699,291
1653820612.988203,291
1653820613.08947,291
1653820613.190725,291
1653820613.292957,290
1653820613.393335,291
1653820613.494828,291
1653820613.596763,291
1653820613.697275,291
1653820613.798783,290
1653820613.900936,290
1653820614.001229,290
1653820614.102698,290
1653820614.204003,290
1653820614.305138,290
1653820614.40668,290
1653820614.507921,290
1653820614.609154,290
1653820614.710571,290
1653820614.812389,289
1653820614.913284,290
1653820615.014422,290
1653820615.115737,289
1653820615.217167,289
1653820615.319386,289
1653820615.419773,289
1653820615.52112,289
1653820615.622726,288
1653820615.7237,288
1653820615.825169,289
1653820615.926247,290
1653820616.03956,290
1653820616.129011,289
1653820616.230208,290
1653820616.331702,290
1653820616.4345,289
1653820616.534211,290
1653820616.6356,289
1653820616.739626,288
1653820616.838174,289
1653820616.939674,288
1653820617.042121,289
1653820617.142153,289
1653820617.243643,288
1653820617.34514,289
1653820617.446108,289
1653820617.559629,289
1653820617.64883,289
1653820617.750052,288
1653820617.851526,289
1653820617.954059,289
1653820618.053988,288
1653820618.155448,288
1653820618.258073,289
1653820618.357984,289
1653820618.459467,288
1653820618.560782,288
1653820618.662121,288
1653820618.764199,288
1653820618.864723,289
1653820618.966422,288
1653820619.067217,288
1653820619.168725,289
1653820619.270867,288
1653820619.371166,289
1653820619.4727,289
1653820619.57388,288
1653820619.675294,289
1653820619.77663,289
1653820619.878704,288
1653820619.979144,289
1653820620.080577,288
1653820620.182481,289
1653820620.283053,289
1653820620.385121,289
1653820620.485664,288
1653820620.587181,288
1653820620.688406,288
1653820620.789645,288
1653820620.891344,288
1653820620.992278,288
1653820621.093733,289
1653820621.195065,289
1653820621.296364,289
1653820621.397696,289
1653820621.499061,288
1653820621.600184,290
1653820621.701678,289
1653820621.803438,289
1653820621.904188,288
1653820622.005686,289
1653820622.106823,289
1653820622.208414,288
1653820622.30943,289
1653820622.41101,288
1653820622.512399,288
1653820622.613495,289
1653820622.714829,288
1653820622.816585,288
1653820622.917448,289
1653820623.018944,289
1653820623.120122,289
1653820623.221379,289
1653820623.322682,289
1653820623.42554,289
1653820623.525634,289
1653820623.626604,289
1653820623.727964,289
1653820623.829299,289
1653820623.930653,288
1653820624.031936,289
1653820624.133224,289
1653820624.23474,289
1653820624.335914,290
1653820624.437127,290
1653820624.538645,290
1653820624.639812,289
1653820624.741096,290
1653820624.842548,290
1653820624.94384,289
1653820625.045055,289
1653820625.146512,289
1653820625.248086,289
1653820625.349596,289
1653820625.459578,289
1653820625.551715,289
1653820625.653185,290
1653820625.754434,290
1653820625.855706,289
1653820625.956933,289
1653820626.058483,290
1653820626.159702,289
1653820626.260926,290
1653820626.36235,290
1653820626.46431,290
1653820626.564858,290
1653820626.666543,290
1653820626.767499,290
1653820626.868999,290
1653820626.970179,290
1653820627.072847,290
1653820627.172781,290
1653820627.274621,290
1653820627.37542,290
1653820627.476929,290
1653820627.578209,290
1653820627.679674,290
1653820627.7808,290
1653820627.882231,291
1653820627.983652,291
1653820628.084867,290
1653820628.186836,291
1653820628.287323,291
1653820628.388871,291
1653820628.490905,291
1653820628.591293,291
1653820628.693693,290
1653820628.793982,291
1653820628.896214,292
1653820628.996851,291
1653820629.098173,292
1653820629.199321,290
1653820629.300905,291
1653820629.402039,291
1653820629.50329,291
1653820629.604504,291
1653820629.706004,291
1653820629.808676,290
1653820629.908758,291
1653820630.009856,291
1653820630.111332,291
1653820630.212631,290
1653820630.314218,291
1653820630.416003,291
1653820630.516584,291
1653820630.617738,291
1653820630.719255,291
1653820630.820425,291
1653820630.92172,290
1653820631.023213,290
1653820631.124428,290
1653820631.225758,291
1653820631.327209,290
1653820631.428524,290
1653820631.530048,291
1653820631.630941,291
1653820631.732392,291
1653820631.833754,291
1653820631.934911,291
1653820632.036333,292
1653820632.139188,291
1653820632.238987,291
1653820632.340272,290
1653820632.441566,290
1653820632.54298,291
1653820632.644372,291
1653820632.745484,290
1653820632.847046,290
1653820632.948229,290
1653820633.049449,290
1653820633.150881,290
1653820633.25218,291
1653820633.353361,291
1653820633.454879,290
1653820633.55623,290
1653820633.657566,290
1653820633.758915,290
1653820633.86006,290
1653820633.963048,290
1653820634.062834,290
1653820634.164174,290
1653820634.265491,290
1653820634.366803,290
1653820634.468245,289
1653820634.569406,290
1653820634.674742,289
1653820634.771932,289
1653820634.873302,290
1653820634.974687,290
1653820635.07646,290
1653820635.177247,290
1653820635.27869,290
1653820635.37986,290
1653820635.481305,290
1653820635.582786,289
1653820635.683903,290
1653820635.786624,290
1653820635.886456,290
1653820635.988591,289
1653820636.089166,290
1653820636.190378,289
1653820636.291835,289
1653820636.393058,289
1653820636.494331,290
1653820636.595763,290
1653820636.69714,289
1653820636.798364,290
1653820636.899682,290
1653820637.001138,290
1653820637.102407,289
1653820637.203721,289
1653820637.304942,290
1653820637.40981,289
1653820637.507722,289
1653820637.608998,289
1653820637.7107,289
1653820637.811557,290
1653820637.912993,290
1653820638.01412,289
1653820638.115502,289
1653820638.217061,290
1653820638.319451,289
1653820638.41955,289
1653820638.521618,289
1653820638.622053,290
1653820638.723602,290
1653820638.824826,290
1653820638.926038,289
1653820639.027385,289
1653820639.129028,289
1653820639.23043,289
1653820639.331644,289
1653820639.432946,289
1653820639.535178,289
1653820639.635451,289
1653820639.736945,289
1653820639.838274,290
1653820639.93954,289
1653820640.041036,290
1653820640.142353,289
1653820640.2437,289
1653820640.345085,289
1653820640.446399,289
1653820640.547663,290
1653820640.649203,290
1653820640.750496,289
1653820640.851871,290
1653820640.953219,289
1653820641.054524,290
1653820641.155931,289
1653820641.257235,289
1653820641.358598,290
1653820641.460477,289
1653820641.570075,289
1653820641.662579,289
1653820641.764,290
1653820641.865191,290
1653820641.966496,289
1653820642.068066,289
1653820642.169335,289
1653820642.270668,289
1653820642.372043,290
1653820642.473803,289
1653820642.576171,289
1653820642.676055,289
1653820642.777386,289
1653820642.878628,289
1653820642.980081,289
1653820643.082307,290
1653820643.183065,289
1653820643.284258,289
1653820643.385429,290
1653820643.487499,289
1653820643.58807,289
1653820643.689536,289
1653820643.79062,290
1653820643.892057,290
1653820643.993194,290
1653820644.094656,289
1653820644.195995,289
1653820644.297132,290
1653820644.398713,289
1653820644.499945,289
1653820644.601096,289
1653820644.70542,290
1653820644.803826,288
1653820644.905063,289
1653820645.006451,289
1653820645.107661,290
1653820645.20918,289
1653820645.310472,290
1653820645.411705,290
1653820645.513178,290
1653820645.614441,290
1653820645.715642,289
1653820645.817141,290
1653820645.918295,289
1653820646.019937,289
1653820646.121064,290
1653820646.222485,290
1653820646.324019,290
1653820646.425133,289
1653820646.526423,290
1653820646.627964,289
1653820646.729218,289
1653820646.830675,289
1653820646.931968,290
1653820647.034337,290
1653820647.134678,290
1653820647.236159,290
1653820647.337419,288
1653820647.438999,290
1653820647.540293,290
1653820647.641586,290
1653820647.743091,290
1653820647.844389,290
1653820647.945807,290
1653820648.047033,290
1653820648.149786,290
1653820648.249835,290
1653820648.351139,289
1653820648.452608,290
1653820648.553998,289
1653820648.655305,290
1653820648.756812,290
1653820648.858094,290
1653820648.95939,291
1653820649.060875,290
1653820649.162208,290
1653820649.263546,290
1653820649.367516,290
1653820649.466354,290
1653820649.568736,290
1653820649.669225,290
1653820649.77044,290
1653820649.871726,290
1653820649.9738,289
1653820650.074567,290
1653820650.175823,290
1653820650.277362,290
1653820650.378781,290
1653820650.479968,290
1653820650.581506,290
1653820650.682867,290
1653820650.784096,289
1653820650.885694,290
1653820650.986989,289
1653820651.088399,289
1653820651.189648,290
1653820651.290915,289
1653820651.392512,290
1653820651.493973,290
1653820651.59502,290
1653820651.696443,290
1653820651.797776,289
1653820651.899289,290
1653820652.000574,289
1653820652.10189,289
1653820652.203399,289
1653820652.305715,289
1653820652.406,289
1653820652.507344,288
1653820652.608731,290
1653820652.710236,290
1653820652.811606,290
1653820652.912988,289
1653820653.014398,290
1653820653.115609,289
1653820653.217102,289
1653820653.318409,289
1653820653.419657,289
1653820653.521141,289
1653820653.623949,289
1653820653.723756,289
1653820653.825624,289
1653820653.926486,290
1653820654.028065,290
1653820654.129507,289
1653820654.231456,290
1653820654.332025,289
1653820654.433564,289
1653820654.539676,290
1653820654.63613,290
1653820654.737429,290
1653820654.83908,289
1653820654.940266,290
1653820655.04156,289
1653820655.143086,289
1653820655.245059,289
1653820655.345679,289
1653820655.447149,290
1653820655.550027,289
1653820655.64972,290
1653820655.751244,289
1653820655.853485,290
1653820655.953835,289
1653820656.055406,290
1653820656.157849,290
1653820656.257982,289
1653820656.359852,289
1653820656.460693,290
1653820656.562256,290
1653820656.664971,289
1653820656.764807,290
1653820656.866391,289
1653820656.969119,289
1653820657.068969,289
1653820657.170721,289
1653820657.271736,290
1653820657.373493,291
1653820657.474652,290
1653820657.576786,289
1653820657.677363,289
1653820657.778607,289
1653820657.880056,289
1653820657.981426,290
1653820658.082823,289
1653820658.184042,289
1653820658.285423,289
1653820658.386941,289
1653820658.48823,290
1653820658.589509,289
1653820658.691054,290
1653820658.792393,289
1653820658.893618,289
1653820658.995249,289
1653820659.096386,289
1653820659.197735,289
1653820659.299265,290
1653820659.400479,290
1653820659.50192,289
1653820659.603213,290
1653820659.704621,290
1653820659.80632,291
1653820659.907318,290
1653820660.008918,290
1653820660.110107,290
1653820660.211431,290
1653820660.312929,290
1653820660.414193,290
1653820660.51569,289
1653820660.616936,290
1653820660.718534,290
1653820660.819711,290
1653820660.921034,290
1653820661.02255,290
1653820661.123907,290
1653820661.225255,290
1653820661.326625,290
1653820661.429015,290
1653820661.5293,290
1653820661.630682,290
1653820661.732193,290
1653820661.833379,290
1653820661.939661,290
1653820662.036113,290
1653820662.137476,290
1653820662.23911,290
1653820662.340425,290
1653820662.441652,290
1653820662.543065,290
1653820662.644342,290
1653820662.745831,289
1653820662.847057,290
1653820662.948682,290
1653820663.050999,291
1653820663.151154,290
1653820663.252688,290
1653820663.354145,290
1653820663.455363,290
1653820663.556721,290
1653820663.658059,289
1653820663.759353,290
1653820663.860892,289
1653820663.962172,289
1653820664.063448,290
1653820664.165027,290
1653820664.266367,290
1653820664.367709,290
1653820664.469328,290
1653820664.570502,290
1653820664.672661,289
1653820664.77401,289
1653820664.875441,290
1653820664.975793,290
1653820665.077341,289
1653820665.178523,290
1653820665.279951,290
1653820665.381303,291
1653820665.482592,290
1653820665.584197,290
1653820665.685465,290
1653820665.787065,290
1653820665.888417,290
1653820665.989615,290
1653820666.090888,290
1653820666.192124,290
1653820666.293629,289
1653820666.39497,290
1653820666.496233,290
1653820666.597784,290
1653820666.69923,290
1653820666.800299,289
1653820666.901869,289
1653820667.003136,289
1653820667.104344,289
1653820667.205914,289
1653820667.308279,290
1653820667.408467,289
1653820667.510002,289
1653820667.611314,290
1653820667.712538,289
1653820667.814013,290
1653820667.915667,289
1653820668.01661,290
1653820668.118112,289
1653820668.21954,289
1653820668.320755,289
1653820668.42223,290
1653820668.524105,288
1653820668.624792,289
1653820668.726315,290
1653820668.829072,290
1653820668.928901,289
1653820669.030388,288
1653820669.131786,288
1653820669.232929,289
1653820669.334511,288
1653820669.435817,288
1653820669.536996,289
1653820669.638614,289
1653820669.739995,289
1653820669.841064,289
1653820669.942592,289
1653820670.044063,289
1653820670.145164,289
1653820670.246614,289
1653820670.348017,290
1653820670.449483,289
1653820670.550721,289
1653820670.652137,289
1653820670.753464,289
1653820670.855606,289
1653820670.95596,289
1653820671.05794,289
1653820671.158829,289
1653820671.260221,289
1653820671.361607,289
1653820671.462901,289
1653820671.564801,289
1653820671.665995,289
1653820671.766847,289
1653820671.868353,289
1653820671.973009,290
1653820672.070996,289
1653820672.180067,290
1653820672.273773,289
1653820672.375326,289
1653820672.476521,289
1653820672.577847,289
1653820672.679111,289
1653820672.780522,289
1653820672.881754,288
1653820672.983107,288
1653820673.08461,288
1653820673.185878,288
1653820673.287249,288
1653820673.38866,289
1653820673.490853,289
1653820673.591373,289
1653820673.692691,289
1653820673.794137,289
1653820673.895331,289
1653820673.99705,289
1653820674.09816,290
1653820674.199568,290
1653820674.300754,290
1653820674.402458,290
1653820674.503411,290
1653820674.604914,289
1653820674.70655,290
1653820674.807436,289
1653820674.909016,290
1653820675.010201,289
1653820675.111673,289
1653820675.213098,289
1653820675.314429,290
1653820675.416332,289
1653820675.5171,290
1653820675.618302,290
1653820675.719658,290
1653820675.821199,290
1653820675.922518,290
1653820676.023799,289
1653820676.125181,289
1653820676.226597,289
1653820676.328069,290
1653820676.429979,290
1653820676.530566,290
1653820676.631892,289
1653820676.733077,289
1653820676.834673,289
1653820676.936609,289
1653820677.037137,290
1653820677.139275,290
1653820677.239847,290
1653820677.342056,289
1653820677.442542,290
1653820677.543998,290
1653820677.646044,290
1653820677.746581,290
1653820677.84953,290
1653820677.949337,290
1653820678.050745,290
1653820678.153303,290
1653820678.253352,290
1653820678.354845,290
1653820678.457566,290
1653820678.557361,290
1653820678.659032,289
1653820678.760059,290
1653820678.86159,289
1653820678.962974,290
1653820679.064263,290
1653820679.166838,291
1653820679.266794,290
1653820679.369038,290
1653820679.469485,290
1653820679.571072,290
1653820679.672243,290
1653820679.773626,290
1653820679.874875,290
1653820679.976348,289
1653820680.077633,290
1653820680.179037,290
1653820680.280305,290
1653820680.381634,290
1653820680.483188,290
1653820680.584466,289
1653820680.685698,291
1653820680.787194,290
1653820680.889223,290
1653820680.989678,290
1653820681.091146,289
1653820681.192395,291
1653820681.293946,290
1653820681.396546,289
1653820681.49645,289
1653820681.597953,289
1653820681.699506,290
1653820681.800684,289
1653820681.902084,289
1653820682.003586,290
1653820682.104676,289
1653820682.205918,290
1653820682.307469,290
1653820682.408615,290
1653820682.510003,290
1653820682.611544,290
1653820682.712594,290
1653820682.81403,290
1653820682.91577,290
1653820683.016603,290
1653820683.118143,290
1653820683.219512,289
1653820683.320792,290
1653820683.422173,289
1653820683.523376,289
1653820683.624793,290
1653820683.726048,290
1653820683.827594,290
1653820683.928875,290
1653820684.030101,290
1653820684.131545,289
1653820684.232762,291
1653820684.334247,290
1653820684.435565,291
1653820684.536886,290
1653820684.638238,290
1653820684.739497,290
1653820684.840939,290
1653820684.943685,290
1653820685.043657,290
1653820685.145067,290
1653820685.246195,291
1653820685.347714,290
1653820685.448963,291
1653820685.550257,290
1653820685.652329,289
1653820685.753141,290
1653820685.854457,290
1653820685.955692,288
1653820686.057077,289
1653820686.158377,288
1653820686.259629,289
1653820686.363281,289
1653820686.462346,289
1653820686.563815,289
1653820686.664972,289
1653820686.766537,289
1653820686.867904,289
1653820686.969237,290
1653820687.070734,291
1653820687.172921,291
1653820687.273178,290
1653820687.374837,289
1653820687.47572,290
1653820687.577305,290
1653820687.678617,291
1653820687.779914,290
1653820687.882224,291
1653820687.982479,289
1653820688.08393,290
1653820688.18531,290
1653820688.286669,290
1653820688.388359,290
1653820688.489157,291
1653820688.590804,290
1653820688.691997,290
1653820688.793376,290
1653820688.894611,289
1653820688.996012,291
1653820689.097197,290
1653820689.19875,290
1653820689.30013,290
1653820689.401204,290
1653820689.502676,291
1653820689.604009,290
1653820689.705476,290
1653820689.8067,290
1653820689.907922,290
1653820690.009471,290
1653820690.110639,290
1653820690.211952,290
1653820690.313436,290
1653820690.414625,290
1653820690.51606,291
1653820690.617399,290
1653820690.718695,291
1653820690.820145,290
1653820690.922781,290
1653820691.022729,290
1653820691.124995,290
1653820691.225331,290
1653820691.326767,290
1653820691.428854,291
1653820691.529308,291
1653820691.631159,291
1653820691.732051,290
1653820691.833663,291
1653820691.934538,291
1653820692.036614,291
1653820692.137208,290
1653820692.238621,291
1653820692.339816,290
1653820692.441304,291
1653820692.542549,291
1653820692.643781,291
1653820692.74534,291
1653820692.846523,291
1653820692.947756,291
1653820693.049385,291
1653820693.151756,290
1653820693.252631,291
1653820693.353117,291
1653820693.454365,291
1653820693.559667,292
1653820693.657086,291
1653820693.758324,291
1653820693.859757,291
1653820693.961748,292
1653820694.062267,291
1653820694.165122,291
1653820694.264903,291
1653820694.366841,291
1653820694.467593,291
1653820694.56899,292
1653820694.670234,291
1653820694.771603,292
1653820694.872858,291
1653820694.974282,290
1653820695.075617,291
1653820695.176809,291
1653820695.278287,291
1653820695.380673,291
1653820695.480794,291
1653820695.582424,291
1653820695.683406,291
1653820695.784829,291
1653820695.886108,291
1653820695.987502,291
1653820696.088738,291
1653820696.190135,291
1653820696.291314,291
1653820696.392749,291
1653820696.494019,291
1653820696.595316,292
1653820696.69681,291
1653820696.798279,291
1653820696.899634,291
1653820697.000819,291
1653820697.102577,291
1653820697.20322,291
1653820697.304763,291
1653820697.409782,291
1653820697.507302,291
1653820697.608567,291
1653820697.710395,291
1653820697.811161,291
1653820697.91259,292
1653820698.014041,291
1653820698.115182,291
1653820698.216567,291
1653820698.317811,290
1653820698.419088,291
1653820698.520524,291
1653820698.629993,291
1653820698.723131,292
1653820698.825187,291
1653820698.925739,291
1653820699.027182,291
1653820699.128928,291
1653820699.229656,291
1653820699.331028,291
1653820699.432302,291
1653820699.534506,291
1653820699.634987,291
1653820699.736383,291
1653820699.837597,291
1653820699.938982,290
1653820700.048165,290
1653820700.142093,291
1653820700.242779,291
1653820700.344358,291
1653820700.445547,291
1653820700.546734,292
1653820700.648262,291
1653820700.750334,290
1653820700.85067,291
1653820700.953384,291
1653820701.053333,291
1653820701.155168,291
1653820701.256167,291
1653820701.357279,290
1653820701.458648,291
1653820701.559825,291
1653820701.661233,291
1653820701.762441,289
1653820701.863841,291
1653820701.965164,291
1653820702.066391,291
1653820702.167832,291
1653820702.269101,291
1653820702.370577,291
1653820702.471849,291
1653820702.573899,292
1653820702.674227,291
1653820702.775681,291
1653820702.877163,291
1653820702.97815,291
1653820703.079519,291
1653820703.180889,291
1653820703.282199,291
1653820703.383369,291
1653820703.484866,291
1653820703.586579,291
1653820703.687759,291
1653820703.788712,291
1653820703.890077,291
1653820703.991314,292
1653820704.092608,292
1653820704.194079,291
1653820704.295309,292
1653820704.396586,291
1653820704.498145,291
1653820704.599377,291
1653820704.700562,291
1653820704.80223,291
1653820704.904694,291
1653820705.004628,291
1653820705.106714,291
1653820705.207236,292
1653820705.308923,291
1653820705.409905,291
1653820705.511356,292
1653820705.612585,291
1653820705.713989,290
1653820705.815401,292
1653820705.916586,291
1653820706.018113,291
1653820706.120663,291
1653820706.220673,291
1653820706.323042,291
1653820706.423329,291
1653820706.525231,291
1653820706.625992,292
1653820706.727448,291
1653820706.829609,291
1653820706.929961,291
1653820707.031441,291
1653820707.133935,291
1653820707.233976,291
1653820707.335524,291
1653820707.437991,291
1653820707.53808,291
1653820710.660508,291
1653820710.662631,291
1653820710.664725,291
1653820710.666766,291
1653820710.66888,290
1653820710.671164,291
1653820710.673461,291
1653820710.675732,290
1653820710.677814,291
1653820710.68428,291
1653820710.686437,290
1653820710.689776,291
1653820710.692252,291
1653820710.694092,291
1653820710.696063,290
1653820710.697987,291
1653820710.70003,291
1653820710.702295,291
1653820710.705143,291
1653820710.720126,291
1653820710.721919,291
1653820710.723681,291
1653820710.725398,291
1653820710.727099,291
1653820710.728868,291
1653820710.73076,290
1653820710.732616,291
1653820710.73455,291
1653820710.736367,291
1653820710.7385,291
1653820710.740664,292
1653820710.781047,292
1653820710.88871,292
1653820710.989324,291
1653820711.084859,292
1653820711.186197,292
1653820711.287725,292
1653820711.388413,292
1653820711.489835,291
1653820711.591111,292
1653820711.692286,291
1653820711.793858,291
1653820711.894808,291
1653820711.996165,291
1653820712.097487,291
1653820712.198759,291
1653820712.299825,291
1653820712.402566,292
1653820712.502451,291
1653820712.603795,291
1653820712.705025,290
1653820712.806178,291
1653820712.907676,290
1653820713.009314,291
1653820713.110153,291
1653820713.211442,290
1653820713.312667,291
1653820713.41385,290
1653820713.515275,291
1653820713.617163,292
1653820713.71761,291
1653820713.819769,292
1653820713.92018,291
1653820714.021857,291
1653820714.122752,291
1653820714.2247,290
1653820714.325255,291
1653820714.426691,291
1653820714.52791,291
1653820714.629091,291
1653820714.730479,291
1653820714.832588,290
1653820714.932856,291
1653820715.034488,291
1653820715.135614,291
1653820715.236816,291
1653820715.338051,291
1653820715.439795,292
1653820715.540553,291
1653820715.641885,291
1653820715.743152,291
1653820715.844436,291
1653820715.945664,291
1653820716.046994,291
1653820716.148353,290
1653820716.250714,290
1653820716.350625,291
1653820716.452164,291
1653820716.553513,291
1653820716.654453,290
1653820716.75656,290
1653820716.857028,290
1653820716.958498,291
1653820717.060827,291
1653820717.160834,291
1653820717.263048,290
1653820717.363363,290
1653820717.465117,291
1653820717.565918,291
1653820717.667325,291
1653820717.768717,291
1653820717.871406,291
1653820717.971008,292
1653820718.072454,291
1653820718.174905,291
1653820718.275787,291
1653820718.376034,291
1653820718.477481,291
1653820718.578812,292
1653820718.679984,291
1653820718.781168,291
1653820718.882431,290
1653820718.983831,291
1653820719.085069,292
1653820719.186224,292
1653820719.287775,291
1653820719.389029,291
1653820719.490068,292
1653820719.591564,292
1653820719.694057,292
1653820719.793911,292
1653820719.895312,292
1653820719.997346,292
1653820720.097854,291
1653820720.199222,291
1653820720.300415,292
1653820720.401597,292
1653820720.50303,291
1653820720.605397,291
1653820720.705379,292
1653820720.806656,291
1653820720.907971,291
1653820721.00923,292
1653820721.110543,291
1653820721.211747,291
1653820721.313947,291
1653820721.414317,292
1653820721.515691,291
1653820721.61695,291
1653820721.718128,291
1653820721.819636,290
1653820721.920781,291
1653820722.022002,292
1653820722.123336,291
1653820722.224509,291
1653820722.325842,290
1653820722.427098,291
1653820722.528567,292
1653820722.629592,291
1653820722.73104,291
1653820722.832267,291
1653820722.93345,291
1653820723.039654,291
1653820723.136156,291
1653820723.23742,292
1653820723.340029,291
1653820723.440015,292
1653820723.541376,291
1653820723.643811,292
1653820723.743721,291
1653820723.845678,292
1653820723.94729,292
1653820724.047679,291
1653820724.149042,291
1653820724.250324,293
1653820724.351359,292
1653820724.452878,292
1653820724.553947,291
1653820724.655364,291
1653820724.756598,292
1653820724.857774,291
1653820724.960711,291
1653820725.060342,292
1653820725.161709,291
1653820725.262848,291
1653820725.364224,291
1653820725.465466,292
1653820725.566858,291
1653820725.668115,292
1653820725.769397,291
1653820725.87064,291
1653820725.971917,291
1653820726.073366,291
1653820726.174479,291
1653820726.27575,292
1653820726.376985,291
1653820726.478394,290
1653820726.579556,291
1653820726.680797,291
1653820726.782175,290
1653820726.883419,291
1653820726.984635,290
1653820727.08611,291
1653820727.187375,290
1653820727.28854,290
1653820727.389931,290
1653820727.491296,290
1653820727.592343,292
1653820727.693859,290
1653820727.795962,288
1653820727.896433,290
1653820727.997706,289
1653820728.098997,289
1653820728.201022,290
1653820728.301416,289
1653820728.402654,290
1653820728.504674,290
1653820728.605453,290
1653820728.706564,290
1653820728.807805,290
1653820728.909345,288
1653820729.010473,289
1653820729.111698,289
1653820729.213086,290
1653820729.314325,288
1653820729.415495,289
1653820729.516957,289
1653820729.618145,290
1653820729.719906,290
1653820729.820869,289
1653820729.92204,290
1653820730.023518,291
1653820730.124469,290
1653820730.225917,290
1653820730.327189,290
1653820730.428317,291
1653820730.52971,290
1653820730.631415,290
1653820730.732173,290
1653820730.83357,289
1653820730.934933,288
1653820731.036069,289
1653820731.137552,288
1653820731.238922,289
1653820731.339958,289
1653820731.441239,289
1653820731.54258,289
1653820731.643777,290
1653820731.745825,290
1653820731.846346,290
1653820731.947763,290
1653820732.049082,290
1653820732.151345,290
1653820732.25178,290
1653820732.352978,291
1653820732.454085,290
1653820732.556593,291
1653820732.656718,290
1653820732.758185,290
1653820732.859386,290
1653820732.960537,290
1653820733.062026,289
1653820733.163241,288
1653820733.264391,290
1653820733.365757,289
1653820733.467054,289
1653820733.568278,290
1653820733.669748,290
1653820733.770986,291
1653820733.872323,290
1653820733.973508,291
1653820734.07472,290
1653820734.176219,290
1653820734.277372,291
1653820734.378674,290
1653820734.480007,290
1653820734.581239,290
1653820734.682511,290
1653820734.783897,290
1653820734.885194,291
1653820734.986391,290
1653820735.087793,291
1653820735.18913,290
1653820735.29022,290
1653820735.391634,290
1653820735.493291,290
1653820735.594089,290
1653820735.695406,290
1653820735.796655,291
1653820735.898096,290
1653820735.999393,290
1653820736.100578,290
1653820736.201853,291
1653820736.303271,290
1653820736.406378,290
1653820736.505757,290
1653820736.607129,290
1653820736.708391,290
1653820736.810511,290
1653820736.919581,290
1653820737.012186,290
1653820737.113603,290
1653820737.214901,290
1653820737.316179,290
1653820737.417356,290
1653820737.519661,291
1653820737.619937,290
1653820737.721347,291
1653820737.822554,290
1653820737.924321,290
1653820738.025134,290
1653820738.126538,290
1653820738.227825,290
1653820738.329095,290
1653820738.430425,289
1653820738.531704,289
1653820738.632911,290
1653820738.734335,290
1653820738.83554,290
1653820738.936776,290
1653820739.038151,290
1653820739.139398,290
1653820739.240811,291
1653820739.342021,291
1653820739.443747,290
1653820739.544552,290
1653820739.646004,291
1653820739.747321,290
1653820739.848465,290
1653820739.950303,290
1653820740.051036,290
1653820740.152508,290
1653820740.253795,290
1653820740.354935,290
1653820740.456281,290
1653820740.557572,290
1653820740.659035,290
1653820740.760314,290
1653820740.862232,290
1653820740.963972,291
1653820741.063975,290
1653820741.165452,290
1653820741.268116,290
1653820741.367953,290
1653820741.469196,290
1653820741.579663,290
1653820741.672688,290
1653820741.773281,290
1653820741.874505,290
1653820741.975924,290
1653820742.077558,290
1653820742.178932,291
1653820742.280738,291
1653820742.38091,291
1653820742.482252,291
1653820742.583655,291
1653820742.684795,291
1653820742.786256,291
1653820742.887497,291
1653820742.98872,291
1653820743.090088,290
1653820743.191331,291
1653820743.292526,291
1653820743.393993,291
1653820743.495129,291
1653820743.596647,290
1653820743.697834,290
1653820743.799182,291
1653820743.900586,291
1653820744.001789,291
1653820744.103027,291
1653820744.20423,290
1653820744.30568,290
1653820744.407948,291
1653820744.508117,291
1653820744.609614,290
1653820744.711985,290
1653820744.812014,290
1653820744.913491,290
1653820745.015951,290
1653820745.115929,290
1653820745.217197,290
1653820745.318622,289
1653820745.419857,290
1653820745.521198,290
1653820745.622944,290
1653820745.723681,290
1653820745.825196,290
1653820745.930172,289
1653820746.027617,290
1653820746.129146,290
1653820746.230383,290
1653820746.331523,290
1653820746.43298,291
1653820746.534215,290
1653820746.635732,290
1653820746.736713,290
1653820746.838165,290
1653820746.93945,289
1653820747.040629,290
1653820747.142082,290
1653820747.244078,289
1653820747.344529,289
1653820747.446011,289
1653820747.547223,289
1653820747.648417,289
1653820747.749794,290
1653820747.851059,290
1653820747.952314,290
1653820748.053721,290
1653820748.155028,290
1653820748.256174,290
1653820748.357676,290
1653820748.458994,289
1653820748.561186,289
1653820748.664468,290
1653820748.762705,289
1653820748.864544,289
1653820748.969671,290
1653820749.066597,290
1653820749.168122,289
1653820749.269225,290
1653820749.3707,290
1653820749.471841,290
1653820749.573241,290
1653820749.674855,290
1653820749.780227,290
1653820749.877274,290
1653820749.978608,290
1653820750.079685,291
1653820750.181135,290
1653820750.282412,290
1653820750.38375,291
1653820750.484856,290
1653820750.588835,290
1653820750.687438,290
1653820750.789311,289
1653820750.890107,290
1653820750.992032,290
1653820751.093536,290
1653820751.194111,290
1653820751.295289,290
1653820751.396716,290
1653820751.498006,290
1653820751.599241,290
1653820751.700605,290
1653820751.80189,291
1653820751.9031,289
1653820752.004602,290
1653820752.105788,290
1653820752.206978,290
1653820752.309465,290
1653820752.419474,289
1653820752.513305,289
1653820752.612241,290
1653820752.715136,289
1653820752.815094,290
1653820752.916395,290
1653820753.017606,288
1653820753.119354,288
1653820753.220021,289
1653820753.321508,290
1653820753.42354,291
1653820753.523945,289
1653820753.625375,289
1653820753.726546,289
1653820753.829564,289
1653820753.929168,289
1653820754.030741,288
1653820754.131933,289
1653820754.233532,289
1653820754.33438,289
1653820754.435845,289
1653820754.537052,289
1653820754.638257,289
1653820754.739723,289
1653820754.841065,289
1653820754.94235,289
1653820755.04356,289
1653820755.14486,290
1653820755.246248,290
1653820755.347444,290
1653820755.449669,290
1653820755.550063,289
1653820755.651347,290
1653820755.752818,290
1653820755.853942,290
1653820755.955378,291
1653820756.056591,290
1653820756.15822,291
1653820756.259176,289
1653820756.360608,289
1653820756.462515,289
1653820756.563126,290
1653820756.66454,290
1653820756.765804,290
1653820756.866995,291
1653820756.968486,290
1653820757.070966,291
1653820757.171911,291
1653820757.272261,291
1653820757.373634,291
1653820757.474896,290
1653820757.576272,291
1653820757.677627,291
1653820757.779037,291
1653820757.880079,290
1653820757.981521,290
1653820758.082828,288
1653820758.183962,288
1653820758.285408,289
1653820758.387198,289
1653820758.487945,290
1653820758.589392,288
1653820758.690702,289
1653820758.791798,288
1653820758.893305,289
1653820758.994523,289
1653820759.096533,289
1653820759.197083,289
1653820759.298535,289
1653820759.399629,289
1653820759.501089,289
1653820759.602265,289
1653820759.703965,290
1653820759.804927,289
1653820759.906355,289
1653820760.007606,289
1653820760.108933,289
1653820760.210431,289
1653820760.311501,289
1653820760.41393,289
1653820760.514037,289
1653820760.615519,289
1653820760.716801,289
1653820760.81797,289
1653820760.919499,290
1653820761.020694,290
1653820761.121922,290
1653820761.223421,289
1653820761.325188,290
1653820761.425959,289
1653820761.527112,289
1653820761.628459,289
1653820761.729766,288
1653820761.830992,290
1653820761.932508,289
1653820762.034181,290
1653820762.13524,290
1653820762.236327,289
1653820762.337859,289
1653820762.438933,290
1653820762.540179,290
1653820762.641622,290
1653820762.743317,290
1653820762.844391,289
1653820762.949632,290
1653820763.046826,289
1653820763.148035,289
1653820763.249604,289
1653820763.350649,289
1653820763.452212,290
1653820763.553821,289
1653820763.654955,289
1653820763.756091,289
1653820763.85742,289
1653820763.958834,289
1653820764.05994,289
1653820764.161242,289
1653820764.262735,289
1653820764.36589,289
1653820764.465185,289
1653820764.566627,289
1653820764.667855,289
1653820764.769371,289
1653820764.870589,289
1653820764.971898,290
1653820765.073247,289
1653820765.17465,289
1653820765.275878,289
1653820765.377139,289
1653820765.478578,290
1653820765.579804,290
1653820765.681019,289
1653820765.782444,289
1653820765.883976,289
1653820765.98495,289
1653820766.086583,289
1653820766.187676,289
1653820766.289347,290
1653820766.390441,289
1653820766.492997,289
1653820766.593204,289
1653820766.69444,290
1653820766.795727,290
1653820766.896985,289
1653820766.998203,290
1653820767.099698,290
1653820767.200841,290
1653820767.302339,290
1653820767.404418,290
1653820767.504942,289
1653820767.606292,289
1653820767.707466,289
1653820767.810147,289
1653820767.91009,290
1653820768.011565,290
1653820768.112869,290
1653820768.214093,290
1653820768.31555,290
1653820768.418594,290
1653820768.518091,289
1653820768.619498,289
1653820768.720888,289
1653820768.822128,290
1653820768.923831,290
1653820769.024764,290
1653820769.126204,290
1653820769.227848,290
1653820769.328626,290
1653820769.429992,290
1653820769.531412,290
1653820769.632538,290
1653820769.734053,290
1653820769.835593,289
1653820769.936677,290
1653820770.038204,290
1653820770.139335,290
1653820770.240657,289
1653820770.341898,290
1653820770.443375,290
1653820770.547103,290
1653820770.649612,289
1653820770.747202,290
1653820770.848492,290
1653820770.95015,290
1653820771.051053,290
1653820771.152532,289
1653820771.25387,290
1653820771.355024,290
1653820771.45644,290
1653820771.557687,290
1653820771.659031,290
1653820771.76066,290
1653820771.86163,290
1653820771.963448,290
1653820772.064315,290
1653820772.16595,290
1653820772.266986,290
1653820772.369208,290
1653820772.469577,290
1653820772.570945,290
1653820772.672431,290
1653820772.773509,290
1653820772.875069,290
1653820772.976377,290
1653820773.077501,289
1653820773.179075,290
1653820773.280361,290
1653820773.381463,290
1653820773.482917,290
1653820773.584231,290
1653820773.685479,290
1653820773.786911,290
1653820773.888181,291
1653820773.989495,290
1653820774.090853,290
1653820774.19218,290
1653820774.293387,290
1653820774.396001,290
1653820774.496231,290
1653820774.597501,290
1653820774.698884,290
1653820774.800102,290
1653820774.901303,290
1653820775.002748,290
1653820775.104254,291
1653820775.205439,290
1653820775.307259,290
1653820775.408075,290
1653820775.509396,290
1653820775.610564,290
1653820775.711944,290
1653820775.815601,290
1653820775.914493,290
1653820776.018197,290
1653820776.117171,289
1653820776.218543,290
1653820776.319996,289
1653820776.421152,291
1653820776.522638,290
1653820776.623823,291
1653820776.725316,291
1653820776.826393,290
1653820776.92811,291
1653820777.029064,291
1653820777.130469,290
1653820777.231825,290
1653820777.333089,290
1653820777.434496,289
1653820777.535785,290
1653820777.637723,290
1653820777.738597,290
1653820777.839745,290
1653820777.941052,290
1653820778.042292,290
1653820778.143849,290
1653820778.246098,290
1653820778.346258,290
1653820778.447832,290
1653820778.549318,289
1653820778.650215,291
1653820778.751694,290
1653820778.853318,291
1653820778.954137,290
1653820779.055644,289
1653820779.156946,290
1653820779.258362,290
1653820779.359685,290
1653820779.46094,291
1653820779.562272,290
1653820779.663625,290
1653820779.765006,290
1653820779.866094,290
1653820779.967577,290
1653820780.068959,291
1653820780.170085,290
1653820780.271643,290
1653820780.372798,290
1653820780.474297,290
1653820780.576289,290
1653820780.676747,290
1653820780.778408,290
1653820780.879353,290
1653820780.989613,290
1653820781.082813,290
1653820781.183232,290
1653820781.284727,290
1653820781.386026,291
1653820781.487186,290
1653820781.588839,290
1653820781.69069,289
1653820781.791146,290
1653820781.892577,290
1653820781.993869,290
1653820782.095335,290
1653820782.196565,290
1653820782.297765,291
1653820782.399241,289
1653820782.500502,290
1653820782.601819,290
1653820782.70314,290
1653820782.804542,290
1653820782.90583,290
1653820783.006968,289
1653820783.108507,290
1653820783.209831,290
1653820783.311023,290
1653820783.412442,290
1653820783.51392,290
1653820783.614965,290
1653820783.716455,290
1653820783.817996,291
1653820783.918974,290
1653820784.020336,290
1653820784.121708,290
1653820784.222901,291
1653820784.32435,290
1653820784.42563,289
1653820784.527142,290
1653820784.628176,289
1653820784.729631,289
1653820784.831021,290
1653820784.932162,289
1653820785.034586,289
1653820785.135002,289
1653820785.236889,289
1653820785.337643,290
1653820785.438884,289
1653820785.540168,290
1653820785.641363,290
1653820785.742755,289
1653820785.844134,290
1653820785.945316,290
1653820786.046888,290
1653820786.14795,290
1653820786.249556,290
1653820786.351464,290
1653820786.451964,290
1653820786.554017,290
1653820786.656742,290
1653820786.756279,289
1653820786.857231,290
1653820786.958874,289
1653820787.060578,290
1653820787.161514,290
1653820787.262639,290
1653820787.363919,290
1653820787.465184,290
1653820787.566589,291
1653820787.66783,290
1653820787.769272,291
1653820787.870457,291
1653820787.971931,290
1653820788.073643,290
1653820788.174677,290
1653820788.275718,290
1653820788.377265,290
1653820788.479635,290
1653820788.580001,290
1653820788.68125,289
1653820788.782491,289
1653820788.88379,290
1653820788.988359,290
1653820789.086459,290
1653820789.187715,291
1653820789.289128,290
1653820789.390322,290
1653820789.492504,291
1653820789.594514,290
1653820789.694227,290
1653820789.795547,290
1653820789.896847,289
1653820789.998293,289
1653820790.099516,290
1653820790.201,290
1653820790.302271,290
1653820790.403618,289
1653820790.506383,289
1653820790.606084,289
1653820790.707566,289
1653820790.80983,289
1653820790.9118,290
1653820791.011502,289
1653820791.112797,290
1653820791.214146,289
1653820791.315856,290
1653820791.416789,289
1653820791.518067,289
1653820791.619315,288
1653820791.720762,289
1653820791.821982,289
1653820791.923291,289
1653820792.024659,289
1653820792.125897,289
1653820792.227451,289
1653820792.329451,289
1653820792.429847,289
1653820792.531332,289
1653820792.633468,290
1653820792.733785,290
1653820792.835253,290
1653820792.937587,290
1653820793.03776,289
1653820793.139275,289
1653820793.240963,288
1653820793.341713,289
1653820793.443143,290
1653820793.544481,289
1653820793.645786,289
1653820793.747079,289
1653820793.848321,289
1653820793.949815,288
1653820794.05101,289
1653820794.152535,289
1653820794.25362,289
1653820794.355146,290
1653820794.456387,289
1653820794.557583,289
1653820794.659158,289
1653820794.760324,290
1653820794.861545,290
1653820794.963036,289
1653820795.065067,288
1653820795.165527,289
1653820795.267016,289
1653820795.368223,289
1653820795.469657,289
1653820795.570831,289
1653820795.672381,289
1653820795.7736,290
1653820795.874773,290
1653820795.976263,290
1653820796.079671,289
1653820796.178801,289
1653820796.280532,290
1653820796.382726,290
1653820796.48266,290
1653820796.584217,289
1653820796.686676,290
1653820796.786665,290
1653820796.888108,290
1653820796.98944,290
1653820797.090735,290
1653820797.192117,289
1653820797.293302,290
1653820797.394544,288
1653820797.496075,290
1653820797.597331,290
1653820797.6988,290
1653820797.799991,290
1653820797.901284,290
1653820798.002467,288
1653820798.103993,289
1653820798.205216,290
1653820798.306477,290
1653820798.407941,290
1653820798.509195,290
1653820798.610413,290
1653820798.711829,290
1653820798.813003,290
1653820798.914471,290
1653820799.01568,290
1653820799.117152,289
1653820799.21843,291
1653820799.319611,289
1653820799.421116,289
1653820799.522419,289
1653820799.623583,290
1653820799.725015,290
1653820799.826304,290
1653820799.929004,290
1653820800.028903,290
1653820800.13102,290
1653820800.231696,291
1653820800.332934,290
1653820800.434138,290
1653820800.535502,290
1653820800.637029,290
1653820800.738185,290
1653820800.841692,290
1653820800.94122,289
1653820801.049779,290
1653820801.144686,290
1653820801.244899,289
1653820801.347045,290
1653820801.44744,290
1653820801.548801,289
1653820801.650141,289
1653820801.751318,290
1653820801.852713,290
1653820801.953949,291
1653820802.055653,290
1653820802.15694,290
1653820802.258124,290
1653820802.359449,289
1653820802.460684,289
1653820802.561899,289
1653820802.664884,289
1653820802.765567,290
1653820802.866817,289
1653820802.967377,290
1653820803.068613,288
1653820803.169821,289
1653820803.271242,289
1653820803.372434,289
1653820803.473904,290
1653820803.575887,289
1653820803.676579,290
1653820803.777869,289
1653820803.879048,290
1653820803.980471,289
1653820804.08166,289
1653820804.183184,290
1653820804.284316,290
1653820804.385819,290
1653820804.487009,291
1653820804.588291,290
1653820804.689776,290
1653820804.791099,290
1653820804.892281,289
1653820804.993844,289
1653820805.095003,289
1653820805.196258,289
1653820805.30005,290
1653820805.399073,289
1653820805.500321,289
1653820805.601626,290
1653820805.703046,290
1653820805.804134,290
1653820805.905568,289
1653820806.006906,290
1653820806.108119,289
1653820806.209632,289
1653820806.310825,290
1653820806.412039,290
1653820806.513392,289
1653820806.614861,289
1653820806.716158,289
1653820806.81735,289
1653820806.919723,289
1653820807.020047,289
1653820807.121473,290
1653820807.222697,289
1653820807.323946,290
1653820807.425494,289
1653820807.526697,290
1653820807.629484,289
1653820807.729557,290
1653820807.830706,289
1653820807.931852,290
1653820808.033318,290
1653820808.134491,290
1653820808.236421,289
1653820808.337222,290
1653820808.438746,290
1653820808.540522,289
1653820808.641274,290
1653820808.742483,289
1653820808.843885,289
1653820808.945167,289
1653820809.046411,290
1653820809.147901,289
1653820809.249161,290
1653820809.350442,290
1653820809.45187,290
1653820809.553037,290
1653820809.654443,290
1653820809.755826,290
1653820809.857168,290
1653820809.958584,289
1653820810.059693,290
1653820810.16157,289
1653820810.262215,290
1653820810.363674,290
1653820810.465019,290
1653820810.566168,290
1653820810.667717,289
1653820810.769005,290
1653820810.870151,290
1653820810.97161,289
1653820811.072806,290
1653820811.174164,290
1653820811.275519,290
1653820811.376977,290
1653820811.478463,290
1653820811.579587,295
1653820811.681826,300
1653820811.782062,301
1653820811.883581,302
1653820811.984878,300
1653820812.086026,300
1653820812.187518,300
1653820812.288859,300
1653820812.389993,299
1653820812.499627,298
1653820812.593972,297
1653820812.694201,297
1653820812.7953,297
1653820812.896534,298
1653820812.998051,297
1653820813.099227,298
1653820813.200838,298
1653820813.302043,298
1653820813.403266,298
1653820813.504547,297
1653820813.605837,297
1653820813.707477,297
1653820813.808604,297
1653820813.909897,298
1653820814.011126,298
1653820814.11383,297
1653820814.213725,297
1653820814.319576,297
1653820814.416304,297
1653820814.51796,297
1653820814.619103,297
1653820814.72027,297
1653820814.821721,297
1653820814.923107,297
1653820815.024417,297
1653820815.125729,296
1653820815.227224,297
1653820815.328606,297
1653820815.429683,297
1653820815.530985,297
1653820815.632248,297
1653820815.73366,297
1653820815.834897,297
1653820815.936193,297
1653820816.037747,296
1653820816.138861,296
1653820816.240196,296
1653820816.341622,296
1653820816.442901,297
1653820816.544282,297
1653820816.645445,297
1653820816.746707,297
1653820816.848328,296
1653820816.949398,297
1653820817.050864,297
1653820817.151997,297
1653820817.253692,297
1653820817.356086,297
1653820817.455926,297
1653820817.557421,297
1653820817.658775,297
1653820817.759886,298
1653820817.861452,299
1653820817.962704,299
1653820818.063925,299
1653820818.165309,299
1653820818.266781,298
1653820818.367844,299
1653820818.469395,299
1653820818.572024,299
1653820818.671875,299
1653820818.773313,299
1653820818.874549,299
1653820818.975769,299
1653820819.077502,299
1653820819.178586,299
1653820819.279881,299
1653820819.38107,293
1653820819.482552,293
1653820819.583785,292
1653820819.685002,293
1653820819.786525,293
1653820819.887799,292
1653820819.989013,293
1653820820.090397,292
1653820820.191617,292
1653820820.293222,292
1653820820.394345,292
1653820820.495731,292
1653820820.597054,292
1653820820.698396,291
1653820820.799762,291
1653820820.901002,291
1653820821.002314,290
1653820821.103498,290
1653820821.205014,290
1653820821.306293,291
1653820821.407542,290
1653820821.508971,290
1653820821.610298,290
1653820821.711719,290
1653820821.812928,290
1653820821.915597,290
1653820822.015514,290
1653820822.116721,290
1653820822.218209,290
1653820822.319369,289
1653820822.421287,289
1653820822.522042,290
1653820822.623455,290
1653820822.724747,290
1653820822.825942,288
1653820822.927388,289
1653820823.028579,289
1653820823.130001,289
1653820823.232384,289
1653820823.332537,289
1653820823.433987,288
1653820823.535385,288
1653820823.636649,288
1653820823.737817,288
1653820823.839324,288
1653820823.94067,289
1653820824.041821,288
1653820824.143215,289
1653820824.244429,289
1653820824.346141,288
1653820824.447535,288
1653820824.548324,288
1653820824.649824,288
1653820824.75109,288
1653820824.852287,288
1653820824.953837,288
1653820825.055109,288
1653820825.15624,288
1653820825.25776,288
1653820825.358999,288
1653820825.460371,288
1653820825.56179,288
1653820825.662897,288
1653820825.764246,288
1653820825.86565,288
1653820825.966882,288
1653820826.0685,288
1653820826.169568,288
1653820826.270838,288
1653820826.372214,289
1653820826.474519,288
1653820826.574702,288
1653820826.677068,288
1653820826.777321,288
1653820826.878988,288
1653820826.980178,287
1653820827.081446,288
1653820827.182797,288
1653820827.284986,288
1653820827.386497,288
1653820827.486716,288
1653820827.588089,288
1653820827.689429,288
1653820827.790559,288
1653820827.891902,288
1653820827.993453,286
1653820828.094505,287
1653820828.195977,287
1653820828.297211,287
1653820828.398571,288
1653820828.499818,287
1653820828.601254,287
1653820828.702429,286
1653820828.803851,287
1653820828.905291,287
1653820829.006406,287
1653820829.107784,287
1653820829.209208,287
1653820829.310379,287
1653820829.412057,288
1653820829.513013,287
1653820829.615142,287
1653820829.715655,287
1653820829.817104,286
1653820829.918474,286
1653820830.019932,287
1653820830.121107,287
1653820830.222422,288
1653820830.323694,287
1653820830.424875,287
1653820830.526697,287
1653820830.628,287
1653820830.728968,288
1653820830.830176,287
1653820830.931726,288
1653820831.033778,288
1653820831.134371,287
1653820831.235566,288
1653820831.336916,287
1653820831.439685,288
1653820831.539426,288
1653820831.64087,286
1653820831.742702,286
1653820831.843452,287
1653820831.944703,287
1653820832.046049,287
1653820832.147533,287
1653820832.248683,287
1653820832.350021,286
1653820832.451295,287
1653820832.552598,288
1653820832.654061,287
1653820832.755342,288
1653820832.856619,287
1653820832.958036,287
1653820833.059691,287
1653820833.160522,288
1653820833.261941,287
1653820833.363219,286
1653820833.464489,287
1653820833.566006,286
1653820833.667322,286
1653820833.769413,286
1653820833.870066,286
1653820833.971839,286
1653820834.072643,286
1653820834.1738,286
1653820834.275049,286
1653820834.376606,286
1653820834.479119,286
1653820834.579068,286
1653820834.680511,287
1653820834.782022,286
1653820834.882982,287
1653820834.984626,286
1653820835.08702,287
1653820835.187891,286
1653820835.288344,286
1653820835.389723,286
1653820835.491056,287
1653820835.592406,287
1653820835.693562,286
1653820835.795031,286
1653820835.896271,286
1653820835.997503,286
1653820836.099017,286
1653820836.200419,285
1653820836.301471,286
1653820836.402856,285
1653820836.504094,286
1653820836.605535,285
1653820836.706761,286
1653820836.808274,285
1653820836.909415,286
1653820837.010904,285
1653820837.112162,286
1653820837.213359,286
1653820837.314881,285
