1653820597.181551,31.44
1653820597.282914,31.46
1653820597.384221,31.44
1653820597.48553,31.45
1653820597.587094,31.45
1653820597.688199,31.46
1653820597.789506,31.44
1653820597.890872,31.45
1653820597.992095,31.44
1653820598.0935,31.45
1653820598.194897,31.45
1653820598.296052,31.45
1653820598.397441,31.44
1653820598.498708,31.46
1653820598.600098,31.45
1653820598.701771,31.45
1653820598.802627,31.45
1653820598.904034,31.43
1653820599.005272,31.46
1653820599.106722,31.44
1653820599.207967,31.44
1653820599.30927,31.45
1653820599.410662,31.45
1653820599.512049,31.43
1653820599.613319,31.45
1653820599.71493,31.46
1653820599.815843,31.46
1653820599.917302,31.45
1653820600.018946,31.45
1653820600.119883,31.46
1653820600.221344,31.46
1653820600.322478,31.45
1653820600.424033,31.46
1653820600.525286,31.45
1653820600.626596,31.45
1653820600.72775,31.46
1653820600.82933,31.47
1653820600.930378,31.46
1653820601.031795,31.46
1653820601.133799,31.46
1653820601.234418,31.46
1653820601.335784,31.46
1653820601.437037,31.45
1653820601.53829,31.45
1653820601.639691,31.46
1653820601.741134,31.46
1653820601.842287,31.44
1653820601.943729,31.46
1653820602.044974,31.46
1653820602.146275,31.45
1653820602.247641,31.48
1653820602.349438,31.46
1653820602.450193,31.46
1653820602.551643,31.45
1653820602.65284,31.45
1653820602.754341,31.45
1653820602.855624,31.46
1653820602.956775,31.46
1653820603.058228,31.46
1653820603.159443,31.46
1653820603.26081,31.45
1653820603.362074,31.46
1653820603.463465,31.46
1653820603.56472,31.47
1653820603.66615,31.46
1653820603.767425,31.45
1653820603.868754,31.45
1653820603.970071,31.46
1653820604.071821,31.47
1653820604.172645,31.45
1653820604.274126,31.46
1653820604.37525,31.46
1653820604.476694,31.46
1653820604.578046,31.46
1653820604.679191,31.46
1653820604.780537,31.45
1653820604.881844,31.46
1653820604.983271,31.47
1653820605.084863,31.45
1653820605.185802,31.45
1653820605.287277,31.45
1653820605.388616,31.45
1653820605.489733,31.46
1653820605.59115,31.48
1653820605.6924,31.46
1653820605.793815,31.45
1653820605.895105,31.45
1653820605.996341,31.43
1653820606.097772,31.44
1653820606.199108,31.45
1653820606.300283,31.47
1653820606.401605,31.45
1653820606.502939,31.45
1653820606.604302,31.46
1653820606.705604,31.46
1653820606.806884,31.45
1653820606.908287,31.47
1653820607.010287,31.45
1653820607.11081,31.45
1653820607.212203,31.46
1653820607.31402,31.45
1653820607.414765,31.45
1653820607.516251,31.45
1653820607.617488,31.47
1653820607.71877,31.45
1653820607.820115,31.44
1653820607.921398,31.46
1653820608.022693,31.46
1653820608.124141,31.44
1653820608.22535,31.45
1653820608.3267,31.43
1653820608.428049,31.45
1653820608.529276,31.46
1653820608.630672,31.46
1653820608.731996,31.44
1653820608.833294,31.45
1653820608.934581,31.46
1653820609.03589,31.45
1653820609.137284,31.47
1653820609.238682,31.45
1653820609.33989,31.44
1653820609.441174,31.47
1653820609.542616,31.45
1653820609.643855,31.46
1653820609.745298,31.47
1653820609.846465,31.45
1653820609.953968,31.45
1653820610.049099,31.45
1653820610.158847,31.44
1653820610.251824,31.45
1653820610.35309,31.46
1653820610.4547,31.45
1653820610.555714,31.45
1653820610.657091,31.46
1653820610.758467,31.44
1653820610.859677,31.46
1653820610.961083,31.46
1653820611.062805,31.47
1653820611.163644,31.45
1653820611.265094,31.46
1653820611.36673,31.46
1653820611.467629,31.48
1653820611.569015,31.44
1653820611.670374,31.45
1653820611.771591,31.44
1653820611.873151,31.46
1653820611.974337,31.46
1653820612.075591,31.45
1653820612.176905,31.45
1653820612.278535,31.45
1653820612.379574,31.45
1653820612.480869,31.45
1653820612.582231,31.44
1653820612.68352,31.45
1653820612.784804,31.45
1653820612.886098,31.46
1653820612.987521,31.46
1653820613.088785,31.45
1653820613.190072,31.44
1653820613.29196,31.45
1653820613.39273,31.45
1653820613.494146,31.46
1653820613.595947,31.46
1653820613.696675,31.46
1653820613.798088,31.44
1653820613.899945,31.45
1653820614.000614,31.45
1653820614.102011,31.46
1653820614.203339,31.46
1653820614.304543,31.45
1653820614.406009,31.46
1653820614.507252,31.45
1653820614.608547,31.47
1653820614.709915,31.47
1653820614.811591,31.45
1653820614.912628,31.45
1653820615.013791,31.45
1653820615.115113,31.44
1653820615.216485,31.45
1653820615.3179,31.46
1653820615.419171,31.47
1653820615.520435,31.46
1653820615.621967,31.44
1653820615.723078,31.46
1653820615.82449,31.46
1653820615.925662,31.43
1653820616.038929,31.45
1653820616.128304,31.44
1653820616.229605,31.46
1653820616.330991,31.45
1653820616.432925,31.45
1653820616.533575,31.45
1653820616.634919,31.46
1653820616.738946,31.45
1653820616.837569,31.46
1653820616.939023,31.46
1653820617.040866,31.45
1653820617.141531,31.46
1653820617.242981,31.46
1653820617.344327,31.44
1653820617.445497,31.46
1653820617.558955,31.44
1653820617.648132,31.44
1653820617.749441,31.46
1653820617.85084,31.45
1653820617.952861,31.44
1653820618.05339,31.43
1653820618.154765,31.46
1653820618.256626,31.43
1653820618.357339,31.45
1653820618.458791,31.45
1653820618.560032,31.43
1653820618.661429,31.45
1653820618.763189,31.46
1653820618.864025,31.45
1653820618.965366,31.44
1653820619.066605,31.45
1653820619.168009,31.44
1653820619.270174,31.43
1653820619.370564,31.44
1653820619.472038,31.44
1653820619.573219,31.43
1653820619.674589,31.46
1653820619.775925,31.44
1653820619.877771,31.43
1653820619.978535,31.43
1653820620.079882,31.43
1653820620.181691,31.43
1653820620.282434,31.43
1653820620.384369,31.43
1653820620.485057,31.45
1653820620.586485,31.45
1653820620.687763,31.45
1653820620.78904,31.42
1653820620.890481,31.43
1653820620.991694,31.42
1653820621.093099,31.44
1653820621.194464,31.44
1653820621.295769,31.44
1653820621.397054,31.45
1653820621.498317,31.43
1653820621.599575,31.45
1653820621.701,31.43
1653820621.802255,31.42
1653820621.90355,31.44
1653820622.004911,31.43
1653820622.106225,31.44
1653820622.20764,31.43
1653820622.308825,31.43
1653820622.410287,31.43
1653820622.511502,31.45
1653820622.61281,31.44
1653820622.71416,31.44
1653820622.8159,31.45
1653820622.916794,31.43
1653820623.018201,31.44
1653820623.119463,31.43
1653820623.220757,31.43
1653820623.322053,31.44
1653820623.424032,31.43
1653820623.524937,31.43
1653820623.625995,31.43
1653820623.727328,31.42
1653820623.828691,31.43
1653820623.929986,31.44
1653820624.031302,31.43
1653820624.132594,31.44
1653820624.234014,31.45
1653820624.335272,31.45
1653820624.436532,31.44
1653820624.537949,31.43
1653820624.639215,31.42
1653820624.740504,31.44
1653820624.841905,31.41
1653820624.943205,31.43
1653820625.04447,31.43
1653820625.145872,31.45
1653820625.247193,31.43
1653820625.348769,31.44
1653820625.458917,31.42
1653820625.551096,31.43
1653820625.652445,31.42
1653820625.753771,31.43
1653820625.855069,31.43
1653820625.956339,31.43
1653820626.057759,31.41
1653820626.159029,31.42
1653820626.260327,31.43
1653820626.36168,31.45
1653820626.463506,31.42
1653820626.564258,31.43
1653820626.665724,31.44
1653820626.7669,31.44
1653820626.868313,31.42
1653820626.969534,31.43
1653820627.07154,31.45
1653820627.172179,31.43
1653820627.273622,31.42
1653820627.374819,31.45
1653820627.476239,31.42
1653820627.577547,31.42
1653820627.678884,31.43
1653820627.780169,31.41
1653820627.881524,31.45
1653820627.982911,31.43
1653820628.08419,31.44
1653820628.186112,31.43
1653820628.286722,31.44
1653820628.388164,31.41
1653820628.489995,31.42
1653820628.5907,31.43
1653820628.692741,31.43
1653820628.793366,31.43
1653820628.894793,31.43
1653820628.996122,31.44
1653820629.097473,31.42
1653820629.198653,31.44
1653820629.300208,31.41
1653820629.401361,31.43
1653820629.502645,31.42
1653820629.603884,31.44
1653820629.705336,31.45
1653820629.807052,31.44
1653820629.907973,31.43
1653820630.009198,31.42
1653820630.11059,31.43
1653820630.211944,31.45
1653820630.313495,31.42
1653820630.414693,31.43
1653820630.515867,31.42
1653820630.617133,31.43
1653820630.718584,31.45
1653820630.819783,31.44
1653820630.921093,31.44
1653820631.022523,31.43
1653820631.123743,31.42
1653820631.225089,31.42
1653820631.326425,31.43
1653820631.427778,31.42
1653820631.529402,31.43
1653820631.630324,31.42
1653820631.731705,31.41
1653820631.833034,31.43
1653820631.934272,31.42
1653820632.03565,31.41
1653820632.137506,31.41
1653820632.238291,31.41
1653820632.339627,31.42
1653820632.440965,31.42
1653820632.542318,31.41
1653820632.643688,31.41
1653820632.744876,31.39
1653820632.846302,31.41
1653820632.94756,31.40
1653820633.048839,31.40
1653820633.150231,31.41
1653820633.251549,31.40
1653820633.352793,31.39
1653820633.454201,31.42
1653820633.555551,31.40
1653820633.656817,31.42
1653820633.758189,31.41
1653820633.859401,31.43
1653820633.962435,31.42
1653820634.062124,31.41
1653820634.163488,31.42
1653820634.264784,31.42
1653820634.366144,31.41
1653820634.467458,31.42
1653820634.568751,31.42
1653820634.67412,31.42
1653820634.771331,31.41
1653820634.872657,31.43
1653820634.974036,31.40
1653820635.07574,31.42
1653820635.176599,31.42
1653820635.277985,31.41
1653820635.379209,31.41
1653820635.480644,31.41
1653820635.581956,31.42
1653820635.683234,31.42
1653820635.785002,31.44
1653820635.885848,31.43
1653820635.987178,31.42
1653820636.088566,31.40
1653820636.189781,31.43
1653820636.291144,31.41
1653820636.392412,31.41
1653820636.493731,31.43
1653820636.59511,31.42
1653820636.696498,31.42
1653820636.797719,31.41
1653820636.899023,31.43
1653820637.00039,31.42
1653820637.101706,31.43
1653820637.203033,31.43
1653820637.304283,31.42
1653820637.409138,31.43
1653820637.507059,31.42
1653820637.608314,31.41
1653820637.709943,31.43
1653820637.810904,31.43
1653820637.912257,31.41
1653820638.013517,31.43
1653820638.114875,31.41
1653820638.216333,31.41
1653820638.317779,31.42
1653820638.418878,31.43
1653820638.520531,31.41
1653820638.621444,31.41
1653820638.722881,31.42
1653820638.824156,31.44
1653820638.925427,31.44
1653820639.026739,31.42
1653820639.128317,31.43
1653820639.229702,31.42
1653820639.330948,31.44
1653820639.432254,31.44
1653820639.533542,31.43
1653820639.634844,31.43
1653820639.736257,31.41
1653820639.837629,31.43
1653820639.938933,31.43
1653820640.040354,31.44
1653820640.141681,31.44
1653820640.243095,31.43
1653820640.344424,31.43
1653820640.445746,31.44
1653820640.547046,31.42
1653820640.648498,31.44
1653820640.749765,31.43
1653820640.851109,31.43
1653820640.952532,31.44
1653820641.053847,31.43
1653820641.155162,31.44
1653820641.256537,31.43
1653820641.357853,31.44
1653820641.459467,31.43
1653820641.569369,31.44
1653820641.661895,31.45
1653820641.763239,31.42
1653820641.864564,31.42
1653820641.965883,31.43
1653820642.067351,31.43
1653820642.168669,31.44
1653820642.27001,31.44
1653820642.371349,31.43
1653820642.472829,31.43
1653820642.575413,31.41
1653820642.675393,31.44
1653820642.776733,31.43
1653820642.877997,31.44
1653820642.979426,31.45
1653820643.080819,31.43
1653820643.18212,31.43
1653820643.283431,31.42
1653820643.384749,31.43
1653820643.486588,31.45
1653820643.587348,31.43
1653820643.68887,31.43
1653820643.789976,31.44
1653820643.891343,31.45
1653820643.992577,31.44
1653820644.093979,31.44
1653820644.195313,31.43
1653820644.296525,31.43
1653820644.397986,31.43
1653820644.499285,31.44
1653820644.600486,31.43
1653820644.704767,31.45
1653820644.80318,31.42
1653820644.904449,31.45
1653820645.005796,31.43
1653820645.107067,31.43
1653820645.208536,31.44
1653820645.309787,31.45
1653820645.411082,31.45
1653820645.512498,31.44
1653820645.613763,31.43
1653820645.715041,31.44
1653820645.81645,31.43
1653820645.917654,31.46
1653820646.0193,31.44
1653820646.120426,31.43
1653820646.221846,31.45
1653820646.323205,31.44
1653820646.424501,31.45
1653820646.525837,31.45
1653820646.627319,31.43
1653820646.728634,31.44
1653820646.829989,31.43
1653820646.931353,31.43
1653820647.033689,31.46
1653820647.134058,31.45
1653820647.235515,31.45
1653820647.33681,31.43
1653820647.438306,31.43
1653820647.539652,31.43
1653820647.640933,31.42
1653820647.742391,31.43
1653820647.843713,31.44
1653820647.945162,31.41
1653820648.046451,31.44
1653820648.148633,31.43
1653820648.249199,31.42
1653820648.350541,31.43
1653820648.451935,31.44
1653820648.553346,31.43
1653820648.654686,31.43
1653820648.756124,31.44
1653820648.857448,31.42
1653820648.958779,31.42
1653820649.06019,31.43
1653820649.16155,31.44
1653820649.262899,31.41
1653820649.366882,31.44
1653820649.465696,31.43
1653820649.568093,31.44
1653820649.668565,31.44
1653820649.769798,31.45
1653820649.871121,31.44
1653820649.973141,31.43
1653820650.073899,31.44
1653820650.175215,31.45
1653820650.276682,31.45
1653820650.378067,31.43
1653820650.479324,31.43
1653820650.580835,31.44
1653820650.682186,31.43
1653820650.783484,31.42
1653820650.884987,31.44
1653820650.986315,31.43
1653820651.087662,31.44
1653820651.188976,31.43
1653820651.290317,31.43
1653820651.391826,31.44
1653820651.493203,31.43
1653820651.594418,31.43
1653820651.695804,31.43
1653820651.797154,31.44
1653820651.898621,31.44
1653820651.999919,31.43
1653820652.101298,31.43
1653820652.202723,31.43
1653820652.304186,31.46
1653820652.4054,31.45
1653820652.506741,31.43
1653820652.608093,31.43
1653820652.709552,31.45
1653820652.810893,31.45
1653820652.912303,31.45
1653820653.013675,31.43
1653820653.114958,31.43
1653820653.216415,31.44
1653820653.317727,31.44
1653820653.419055,31.45
1653820653.520458,31.44
1653820653.622331,31.45
1653820653.723153,31.43
1653820653.824833,31.44
1653820653.925881,31.45
1653820654.027375,31.44
1653820654.128809,31.44
1653820654.230627,31.45
1653820654.331417,31.43
1653820654.432827,31.45
1653820654.538979,31.44
1653820654.635473,31.43
1653820654.736824,31.44
1653820654.838355,31.45
1653820654.939627,31.45
1653820655.040954,31.43
1653820655.142429,31.42
1653820655.244205,31.45
1653820655.345092,31.45
1653820655.446511,31.46
1653820655.548254,31.44
1653820655.649116,31.43
1653820655.750568,31.43
1653820655.852612,31.42
1653820655.953243,31.43
1653820656.054726,31.43
1653820656.156686,31.43
1653820656.257363,31.43
1653820656.359069,31.44
1653820656.460092,31.43
1653820656.561575,31.44
1653820656.663559,31.41
1653820656.764205,31.43
1653820656.865706,31.43
1653820656.967409,31.43
1653820657.068339,31.43
1653820657.169927,31.44
1653820657.271086,31.44
1653820657.372702,31.44
1653820657.473922,31.45
1653820657.575724,31.43
1653820657.676705,31.44
1653820657.77795,31.43
1653820657.879358,31.45
1653820657.98072,31.45
1653820658.082123,31.43
1653820658.183413,31.43
1653820658.284801,31.42
1653820658.386261,31.45
1653820658.487555,31.45
1653820658.588907,31.43
1653820658.690343,31.46
1653820658.791721,31.43
1653820658.893015,31.44
1653820658.994567,31.44
1653820659.095758,31.44
1653820659.197128,31.44
1653820659.298605,31.45
1653820659.399868,31.43
1653820659.501274,31.44
1653820659.602599,31.44
1653820659.703998,31.42
1653820659.805483,31.43
1653820659.906725,31.43
1653820660.008227,31.43
1653820660.109469,31.43
1653820660.210843,31.44
1653820660.312313,31.44
1653820660.413607,31.45
1653820660.515024,31.43
1653820660.616343,31.45
1653820660.717812,31.43
1653820660.819115,31.43
1653820660.920447,31.43
1653820661.021941,31.45
1653820661.123187,31.43
1653820661.224609,31.43
1653820661.325916,31.43
1653820661.427532,31.44
1653820661.528698,31.44
1653820661.630067,31.43
1653820661.731502,31.43
1653820661.832776,31.43
1653820661.93898,31.43
1653820662.035501,31.43
1653820662.13687,31.43
1653820662.238359,31.42
1653820662.339639,31.44
1653820662.440996,31.44
1653820662.542391,31.43
1653820662.643737,31.43
1653820662.745153,31.43
1653820662.846452,31.42
1653820662.947981,31.44
1653820663.049529,31.42
1653820663.150539,31.43
1653820663.252028,31.44
1653820663.353351,31.42
1653820663.454689,31.45
1653820663.556052,31.43
1653820663.657412,31.45
1653820663.758751,31.46
1653820663.86016,31.45
1653820663.961528,31.45
1653820664.062838,31.42
1653820664.164311,31.44
1653820664.265692,31.42
1653820664.367028,31.45
1653820664.468601,31.43
1653820664.569734,31.44
1653820664.671168,31.42
1653820664.773053,31.43
1653820664.874246,31.42
1653820664.975136,31.43
1653820665.076651,31.42
1653820665.177882,31.44
1653820665.279304,31.44
1653820665.38066,31.45
1653820665.481976,31.43
1653820665.583492,31.42
1653820665.684766,31.43
1653820665.786238,31.44
1653820665.88747,31.42
1653820665.988942,31.43
1653820666.090217,31.45
1653820666.191524,31.45
1653820666.292983,31.44
1653820666.394315,31.41
1653820666.495626,31.41
1653820666.597072,31.45
1653820666.698407,31.43
1653820666.799697,31.43
1653820666.901192,31.43
1653820667.002454,31.43
1653820667.103753,31.43
1653820667.205257,31.41
1653820667.306584,31.41
1653820667.407848,31.42
1653820667.50929,31.43
1653820667.610601,31.43
1653820667.711939,31.43
1653820667.813351,31.42
1653820667.914782,31.43
1653820668.01602,31.44
1653820668.117475,31.42
1653820668.218883,31.43
1653820668.320138,31.43
1653820668.421552,31.44
1653820668.522914,31.43
1653820668.624193,31.42
1653820668.72562,31.42
1653820668.827282,31.42
1653820668.928252,31.42
1653820669.029679,31.43
1653820669.13104,31.42
1653820669.232331,31.42
1653820669.333777,31.43
1653820669.435091,31.43
1653820669.536391,31.44
1653820669.637892,31.44
1653820669.739158,31.43
1653820669.840464,31.43
1653820669.941898,31.44
1653820670.043271,31.43
1653820670.144556,31.42
1653820670.245938,31.43
1653820670.347314,31.44
1653820670.448694,31.43
1653820670.550017,31.41
1653820670.651448,31.43
1653820670.752767,31.43
1653820670.854184,31.44
1653820670.955379,31.43
1653820671.056844,31.42
1653820671.15813,31.43
1653820671.259538,31.43
1653820671.360898,31.43
1653820671.462211,31.43
1653820671.563955,31.42
1653820671.665158,31.43
1653820671.766216,31.43
1653820671.867717,31.41
1653820671.97237,31.41
1653820672.070365,31.43
1653820672.179385,31.43
1653820672.27312,31.41
1653820672.374637,31.43
1653820672.475824,31.43
1653820672.577195,31.42
1653820672.678465,31.45
1653820672.77983,31.43
1653820672.881155,31.43
1653820672.982507,31.43
1653820673.083965,31.44
1653820673.18529,31.44
1653820673.286608,31.43
1653820673.387921,31.44
1653820673.489356,31.42
1653820673.590694,31.42
1653820673.692014,31.43
1653820673.793442,31.45
1653820673.894669,31.42
1653820673.995994,31.43
1653820674.097406,31.42
1653820674.198873,31.42
1653820674.300087,31.42
1653820674.401645,31.43
1653820674.502721,31.42
1653820674.604203,31.41
1653820674.705812,31.43
1653820674.806832,31.42
1653820674.908248,31.41
1653820675.009544,31.41
1653820675.110935,31.41
1653820675.212357,31.41
1653820675.313722,31.40
1653820675.415467,31.41
1653820675.516422,31.41
1653820675.617662,31.40
1653820675.718996,31.41
1653820675.820493,31.42
1653820675.92178,31.39
1653820676.023111,31.39
1653820676.12449,31.39
1653820676.225787,31.42
1653820676.327296,31.42
1653820676.428957,31.40
1653820676.529905,31.39
1653820676.631193,31.40
1653820676.732472,31.41
1653820676.833987,31.42
1653820676.935834,31.40
1653820677.036536,31.39
1653820677.13843,31.38
1653820677.239249,31.41
1653820677.341196,31.39
1653820677.441928,31.41
1653820677.543328,31.39
1653820677.645174,31.40
1653820677.745975,31.39
1653820677.847911,31.40
1653820677.948694,31.40
1653820678.050067,31.41
1653820678.152073,31.41
1653820678.252744,31.41
1653820678.354162,31.41
1653820678.455923,31.40
1653820678.556758,31.41
1653820678.65817,31.41
1653820678.75945,31.42
1653820678.860874,31.39
1653820678.96228,31.41
1653820679.063606,31.41
1653820679.165424,31.42
1653820679.266185,31.39
1653820679.368162,31.42
1653820679.46888,31.40
1653820679.570356,31.40
1653820679.671593,31.40
1653820679.772986,31.41
1653820679.874272,31.40
1653820679.97569,31.41
1653820680.076978,31.42
1653820680.178339,31.40
1653820680.279676,31.41
1653820680.380994,31.39
1653820680.482497,31.40
1653820680.583785,31.41
1653820680.685087,31.41
1653820680.786506,31.39
1653820680.888387,31.42
1653820680.989078,31.41
1653820681.090482,31.41
1653820681.191793,31.42
1653820681.293224,31.40
1653820681.394805,31.42
1653820681.495841,31.40
1653820681.597251,31.41
1653820681.698714,31.41
1653820681.799962,31.40
1653820681.901275,31.41
1653820682.002584,31.41
1653820682.103993,31.42
1653820682.205287,31.43
1653820682.306845,31.42
1653820682.407978,31.41
1653820682.509355,31.41
1653820682.610689,31.41
1653820682.711964,31.41
1653820682.813365,31.41
1653820682.914753,31.41
1653820683.016017,31.41
1653820683.11748,31.41
1653820683.218851,31.41
1653820683.320109,31.44
1653820683.421503,31.40
1653820683.522768,31.41
1653820683.624139,31.41
1653820683.725426,31.42
1653820683.826892,31.42
1653820683.928156,31.39
1653820684.02947,31.41
1653820684.130903,31.40
1653820684.232157,31.41
1653820684.333583,31.41
1653820684.434917,31.40
1653820684.536218,31.42
1653820684.637563,31.40
1653820684.738889,31.39
1653820684.840287,31.39
1653820684.942231,31.39
1653820685.043006,31.41
1653820685.144375,31.39
1653820685.245596,31.41
1653820685.347035,31.38
1653820685.448324,31.39
1653820685.549646,31.38
1653820685.651443,31.39
1653820685.752441,31.40
1653820685.853774,31.40
1653820685.955055,31.40
1653820686.056435,31.40
1653820686.157741,31.39
1653820686.259023,31.39
1653820686.360399,31.39
1653820686.461713,31.40
1653820686.563159,31.40
1653820686.664367,31.41
1653820686.765861,31.39
1653820686.867248,31.40
1653820686.968467,31.41
1653820687.069892,31.41
1653820687.171745,31.38
1653820687.272514,31.41
1653820687.374029,31.41
1653820687.475118,31.39
1653820687.576609,31.40
1653820687.677894,31.41
1653820687.779242,31.40
1653820687.881107,31.40
1653820687.981866,31.41
1653820688.083239,31.39
1653820688.184617,31.41
1653820688.285961,31.40
1653820688.387272,31.41
1653820688.488556,31.41
1653820688.590058,31.41
1653820688.691311,31.39
1653820688.792689,31.41
1653820688.893971,31.39
1653820688.995338,31.40
1653820689.09661,31.43
1653820689.198057,31.40
1653820689.299386,31.41
1653820689.400618,31.41
1653820689.502045,31.40
1653820689.603354,31.42
1653820689.704692,31.42
1653820689.80604,31.42
1653820689.907334,31.41
1653820690.008747,31.39
1653820690.11004,31.41
1653820690.211364,31.40
1653820690.3128,31.41
1653820690.414026,31.40
1653820690.515432,31.40
1653820690.616766,31.42
1653820690.718048,31.42
1653820690.819457,31.42
1653820690.921137,31.41
1653820691.022122,31.39
1653820691.12402,31.40
1653820691.224729,31.41
1653820691.326095,31.41
1653820691.42757,31.42
1653820691.528693,31.43
1653820691.630335,31.43
1653820691.731357,31.39
1653820691.832871,31.41
1653820691.933928,31.40
1653820692.035822,31.40
1653820692.136591,31.41
1653820692.237946,31.41
1653820692.339215,31.41
1653820692.44061,31.42
1653820692.541905,31.41
1653820692.643176,31.42
1653820692.744652,31.40
1653820692.845877,31.41
1653820692.947154,31.42
1653820693.048625,31.41
1653820693.150307,31.39
1653820693.251693,31.39
1653820693.35248,31.41
1653820693.453749,31.40
1653820693.558978,31.41
1653820693.65642,31.40
1653820693.757712,31.40
1653820693.859076,31.39
1653820693.960932,31.39
1653820694.061684,31.40
1653820694.163714,31.39
1653820694.264304,31.41
1653820694.366138,31.40
1653820694.466946,31.39
1653820694.568317,31.41
1653820694.669634,31.38
1653820694.770948,31.41
1653820694.872253,31.41
1653820694.973612,31.38
1653820695.074947,31.40
1653820695.176204,31.41
1653820695.277627,31.41
1653820695.379368,31.40
1653820695.48018,31.39
1653820695.581721,31.40
1653820695.682798,31.41
1653820695.784186,31.39
1653820695.885452,31.41
1653820695.986866,31.41
1653820696.088098,31.43
1653820696.18942,31.39
1653820696.290711,31.41
1653820696.392104,31.42
1653820696.493378,31.42
1653820696.594702,31.40
1653820696.696127,31.41
1653820696.797409,31.41
1653820696.898842,31.40
1653820697.000088,31.41
1653820697.101833,31.41
1653820697.202613,31.39
1653820697.303982,31.41
1653820697.405257,31.40
1653820697.506632,31.40
1653820697.6079,31.41
1653820697.709308,31.43
1653820697.810533,31.40
1653820697.911956,31.41
1653820698.013255,31.40
1653820698.114539,31.41
1653820698.215917,31.40
1653820698.31718,31.42
1653820698.418499,31.42
1653820698.519866,31.42
1653820698.629016,31.40
1653820698.722525,31.40
1653820698.824408,31.41
1653820698.925142,31.41
1653820699.026506,31.41
1653820699.128235,31.43
1653820699.229054,31.42
1653820699.330381,31.40
1653820699.431692,31.41
1653820699.533623,31.42
1653820699.634391,31.41
1653820699.735729,31.42
1653820699.83701,31.41
1653820699.938358,31.41
1653820700.04747,31.40
1653820700.14133,31.43
1653820700.242198,31.42
1653820700.343655,31.42
1653820700.444908,31.41
1653820700.546145,31.42
1653820700.647615,31.41
1653820700.749451,31.41
1653820700.850071,31.41
1653820700.9521,31.40
1653820701.052689,31.40
1653820701.154374,31.40
1653820701.255536,31.41
1653820701.356601,31.41
1653820701.457933,31.40
1653820701.559218,31.41
1653820701.660567,31.40
1653820701.761843,31.41
1653820701.863177,31.41
1653820701.964507,31.40
1653820702.06577,31.40
1653820702.167166,31.41
1653820702.268409,31.41
1653820702.369804,31.38
1653820702.471105,31.39
1653820702.573019,31.40
1653820702.673617,31.39
1653820702.774993,31.41
1653820702.876283,31.40
1653820702.977544,31.41
1653820703.07891,31.39
1653820703.180211,31.39
1653820703.281522,31.41
1653820703.382763,31.41
1653820703.484184,31.42
1653820703.585494,31.43
1653820703.686805,31.42
1653820703.788017,31.40
1653820703.889403,31.41
1653820703.990652,31.41
1653820704.092001,31.41
1653820704.193404,31.41
1653820704.294666,31.40
1653820704.395979,31.40
1653820704.497442,31.42
1653820704.598738,31.40
1653820704.699964,31.41
1653820704.801485,31.41
1653820704.903165,31.40
1653820705.003971,31.41
1653820705.105843,31.41
1653820705.20663,31.42
1653820705.308114,31.40
1653820705.409315,31.40
1653820705.510693,31.40
1653820705.611998,31.41
1653820705.713355,31.42
1653820705.814765,31.39
1653820705.916001,31.41
1653820706.017463,31.40
1653820706.119141,31.40
1653820706.220044,31.41
1653820706.32201,31.39
1653820706.422727,31.42
1653820706.524326,31.41
1653820706.62539,31.40
1653820706.726773,31.39
1653820706.828579,31.39
1653820706.929367,31.42
1653820707.030766,31.40
1653820707.132538,31.42
1653820707.233376,31.41
1653820707.334846,31.41
1653820707.436552,31.41
1653820707.537468,31.40
1653820710.659646,31.41
1653820710.6618,31.41
1653820710.663904,31.41
1653820710.665953,31.41
1653820710.668004,31.42
1653820710.670212,31.38
1653820710.672532,31.40
1653820710.674901,31.39
1653820710.676983,31.42
1653820710.683321,31.41
1653820710.685565,31.40
1653820710.688717,31.40
1653820710.691514,31.41
1653820710.693348,31.41
1653820710.6953,31.40
1653820710.697233,31.39
1653820710.699267,31.41
1653820710.701267,31.41
1653820710.704124,31.42
1653820710.719388,31.41
1653820710.721233,31.40
1653820710.722952,31.42
1653820710.724712,31.41
1653820710.726417,31.40
1653820710.728126,31.43
1653820710.730029,31.41
1653820710.731872,31.40
1653820710.733792,31.40
1653820710.735666,31.41
1653820710.737614,31.38
1653820710.739842,31.40
1653820710.780236,31.38
1653820710.888049,31.39
1653820710.982936,31.39
1653820711.084133,31.40
1653820711.185372,31.38
1653820711.286663,31.39
1653820711.387826,31.40
1653820711.489173,31.38
1653820711.590418,31.39
1653820711.691652,31.39
1653820711.793115,31.39
1653820711.894197,31.40
1653820711.995515,31.40
1653820712.096811,31.40
1653820712.198054,31.41
1653820712.299251,31.39
1653820712.401051,31.39
1653820712.501868,31.40
1653820712.603147,31.39
1653820712.704402,31.41
1653820712.805593,31.39
1653820712.907033,31.39
1653820713.008378,31.42
1653820713.10946,31.41
1653820713.210762,31.40
1653820713.311998,31.41
1653820713.413205,31.39
1653820713.514591,31.40
1653820713.616363,31.40
1653820713.717029,31.40
1653820713.818977,31.40
1653820713.919575,31.40
1653820714.021073,31.38
1653820714.122122,31.39
1653820714.223935,31.38
1653820714.324651,31.37
1653820714.426016,31.39
1653820714.527249,31.38
1653820714.628477,31.39
1653820714.729807,31.38
1653820714.831551,31.36
1653820714.932256,31.37
1653820715.033712,31.39
1653820715.134962,31.39
1653820715.236108,31.38
1653820715.337377,31.39
1653820715.439125,31.39
1653820715.539923,31.37
1653820715.641249,31.38
1653820715.742516,31.38
1653820715.843745,31.38
1653820715.94499,31.38
1653820716.04627,31.39
1653820716.147668,31.38
1653820716.249316,31.38
1653820716.350023,31.37
1653820716.451473,31.38
1653820716.552722,31.37
1653820716.653851,31.37
1653820716.755721,31.39
1653820716.856383,31.37
1653820716.957789,31.38
1653820717.059432,31.37
1653820717.160222,31.38
1653820717.262095,31.38
1653820717.362761,31.38
1653820717.464418,31.39
1653820717.565304,31.37
1653820717.666662,31.38
1653820717.768017,31.39
1653820717.869772,31.39
1653820717.970392,31.37
1653820718.071748,31.39
1653820718.17365,31.39
1653820718.274571,31.39
1653820718.375435,31.39
1653820718.476848,31.39
1653820718.578061,31.38
1653820718.679335,31.39
1653820718.780548,31.40
1653820718.881829,31.38
1653820718.983149,31.38
1653820719.084401,31.40
1653820719.185632,31.37
1653820719.287048,31.40
1653820719.388288,31.39
1653820719.489471,31.40
1653820719.590901,31.39
1653820719.692761,31.37
1653820719.793312,31.38
1653820719.894666,31.38
1653820719.995899,31.38
1653820720.09719,31.39
1653820720.198565,31.37
1653820720.299707,31.37
1653820720.400937,31.37
1653820720.502365,31.38
1653820720.604135,31.38
1653820720.704774,31.37
1653820720.806052,31.38
1653820720.907323,31.37
1653820721.008618,31.36
1653820721.109886,31.36
1653820721.211135,31.36
1653820721.313232,31.36
1653820721.413717,31.36
1653820721.515026,31.38
1653820721.616307,31.37
1653820721.717531,31.40
1653820721.818977,31.37
1653820721.920134,31.35
1653820722.021353,31.36
1653820722.122678,31.37
1653820722.223904,31.38
1653820722.325232,31.37
1653820722.426465,31.36
1653820722.527799,31.37
1653820722.629011,31.38
1653820722.730381,31.37
1653820722.831633,31.36
1653820722.932867,31.35
1653820723.039007,31.36
1653820723.135511,31.38
1653820723.236745,31.36
1653820723.338746,31.37
1653820723.439355,31.36
1653820723.540694,31.38
1653820723.643173,31.37
1653820723.743088,31.37
1653820723.845023,31.38
1653820723.946311,31.37
1653820724.047021,31.37
1653820724.148322,31.37
1653820724.249555,31.39
1653820724.350752,31.39
1653820724.452146,31.37
1653820724.553329,31.38
1653820724.654706,31.37
1653820724.755914,31.37
1653820724.85716,31.37
1653820724.959077,31.37
1653820725.059727,31.37
1653820725.161038,31.37
1653820725.262267,31.37
1653820725.363609,31.38
1653820725.46484,31.38
1653820725.566214,31.37
1653820725.667526,31.36
1653820725.768777,31.38
1653820725.870006,31.39
1653820725.971289,31.37
1653820726.07273,31.39
1653820726.173814,31.39
1653820726.275123,31.37
1653820726.376398,31.37
1653820726.477746,31.37
1653820726.578962,31.37
1653820726.680207,31.37
1653820726.781539,31.38
1653820726.882824,31.38
1653820726.984053,31.37
1653820727.085466,31.39
1653820727.186694,31.38
1653820727.287915,31.39
1653820727.389255,31.39
1653820727.490594,31.39
1653820727.591737,31.39
1653820727.693179,31.38
1653820727.795136,31.41
1653820727.895719,31.39
1653820727.996992,31.39
1653820728.098294,31.39
1653820728.199746,31.37
1653820728.300767,31.39
1653820728.40204,31.39
1653820728.503862,31.39
1653820728.60471,31.40
1653820728.705932,31.40
1653820728.807174,31.42
1653820728.908626,31.39
1653820729.009792,31.41
1653820729.111036,31.40
1653820729.212424,31.39
1653820729.313649,31.40
1653820729.414885,31.40
1653820729.516271,31.38
1653820729.617462,31.38
1653820729.719034,31.38
1653820729.820065,31.37
1653820729.921365,31.39
1653820730.022688,31.37
1653820730.123861,31.37
1653820730.225241,31.38
1653820730.326526,31.38
1653820730.427716,31.38
1653820730.52906,31.37
1653820730.630386,31.37
1653820730.731572,31.38
1653820730.832909,31.36
1653820730.934258,31.38
1653820731.035415,31.37
1653820731.136877,31.38
1653820731.238089,31.37
1653820731.339328,31.36
1653820731.440651,31.37
1653820731.541972,31.36
1653820731.6432,31.36
1653820731.745067,31.37
1653820731.845744,31.37
1653820731.947109,31.37
1653820732.048376,31.37
1653820732.149776,31.36
1653820732.250992,31.37
1653820732.352271,31.36
1653820732.453484,31.37
1653820732.555515,31.36
1653820732.656114,31.36
1653820732.757497,31.37
1653820732.858723,31.37
1653820732.959936,31.36
1653820733.061318,31.38
1653820733.162579,31.37
1653820733.263789,31.38
1653820733.365162,31.37
1653820733.466412,31.37
1653820733.567684,31.39
1653820733.669045,31.37
1653820733.770308,31.36
1653820733.871647,31.39
1653820733.97287,31.38
1653820734.074106,31.37
1653820734.175533,31.39
1653820734.276718,31.37
1653820734.378037,31.36
1653820734.479319,31.38
1653820734.580598,31.38
1653820734.681858,31.37
1653820734.783205,31.38
1653820734.884479,31.39
1653820734.985781,31.38
1653820735.08712,31.37
1653820735.188381,31.37
1653820735.289598,31.38
1653820735.390952,31.38
1653820735.492361,31.37
1653820735.593476,31.38
1653820735.69477,31.37
1653820735.796037,31.39
1653820735.897414,31.37
1653820735.998744,31.37
1653820736.099945,31.39
1653820736.201226,31.37
1653820736.302572,31.37
1653820736.405727,31.38
1653820736.505116,31.37
1653820736.606464,31.39
1653820736.70773,31.38
1653820736.809901,31.38
1653820736.91892,31.37
1653820737.011582,31.39
1653820737.112931,31.38
1653820737.214218,31.38
1653820737.315507,31.39
1653820737.416748,31.37
1653820737.518779,31.38
1653820737.619332,31.38
1653820737.720678,31.39
1653820737.821936,31.38
1653820737.923596,31.39
1653820738.024518,31.40
1653820738.125888,31.39
1653820738.227157,31.39
1653820738.328474,31.38
1653820738.429742,31.37
1653820738.531018,31.39
1653820738.632304,31.38
1653820738.733656,31.37
1653820738.834883,31.38
1653820738.93617,31.39
1653820739.037505,31.38
1653820739.138782,31.40
1653820739.240113,31.37
1653820739.341363,31.39
1653820739.443031,31.39
1653820739.543944,31.37
1653820739.64535,31.37
1653820739.74663,31.39
1653820739.847837,31.38
1653820739.949567,31.39
1653820740.050431,31.39
1653820740.151819,31.38
1653820740.253117,31.39
1653820740.354317,31.39
1653820740.455675,31.39
1653820740.556958,31.38
1653820740.658357,31.38
1653820740.759636,31.38
1653820740.861514,31.39
1653820740.963324,31.39
1653820741.063369,31.38
1653820741.164776,31.39
1653820741.266385,31.39
1653820741.367325,31.39
1653820741.468593,31.36
1653820741.578977,31.38
1653820741.671177,31.37
1653820741.772544,31.37
1653820741.873835,31.37
1653820741.975236,31.38
1653820742.076536,31.38
1653820742.178239,31.39
1653820742.279325,31.39
1653820742.380284,31.37
1653820742.481617,31.37
1653820742.582992,31.39
1653820742.684169,31.39
1653820742.78557,31.38
1653820742.88683,31.39
1653820742.988077,31.39
1653820743.089413,31.37
1653820743.190692,31.38
1653820743.291927,31.39
1653820743.393302,31.38
1653820743.494516,31.38
1653820743.59592,31.39
1653820743.697165,31.37
1653820743.798496,31.39
1653820743.899771,31.37
1653820744.001108,31.38
1653820744.102372,31.37
1653820744.203631,31.37
1653820744.304988,31.40
1653820744.406419,31.39
1653820744.507505,31.38
1653820744.608936,31.38
1653820744.710639,31.37
1653820744.811405,31.37
1653820744.912812,31.38
1653820745.014529,31.39
1653820745.115311,31.37
1653820745.216598,31.39
1653820745.317927,31.39
1653820745.419207,31.37
1653820745.520598,31.38
1653820745.622161,31.38
1653820745.723087,31.37
1653820745.824502,31.37
1653820745.929384,31.39
1653820746.027015,31.36
1653820746.128411,31.39
1653820746.229695,31.38
1653820746.330911,31.36
1653820746.432295,31.38
1653820746.533558,31.39
1653820746.634926,31.37
1653820746.736097,31.37
1653820746.837452,31.37
1653820746.938804,31.37
1653820747.040016,31.38
1653820747.14138,31.39
1653820747.242768,31.38
1653820747.343907,31.39
1653820747.445348,31.40
1653820747.54657,31.38
1653820747.647808,31.38
1653820747.749146,31.39
1653820747.850421,31.39
1653820747.951706,31.38
1653820748.053048,31.40
1653820748.154369,31.39
1653820748.255594,31.38
1653820748.357023,31.39
1653820748.45826,31.37
1653820748.560571,31.38
1653820748.663815,31.39
1653820748.762095,31.38
1653820748.863872,31.38
1653820748.968973,31.38
1653820749.065994,31.38
1653820749.167401,31.39
1653820749.268616,31.38
1653820749.370014,31.38
1653820749.47125,31.39
1653820749.572585,31.38
1653820749.673987,31.40
1653820749.779346,31.39
1653820749.876588,31.39
1653820749.977906,31.38
1653820750.079064,31.38
1653820750.180441,31.39
1653820750.281708,31.38
1653820750.383097,31.38
1653820750.484239,31.39
1653820750.58817,31.39
1653820750.686835,31.39
1653820750.78868,31.39
1653820750.889492,31.38
1653820750.991395,31.39
1653820751.092237,31.38
1653820751.193435,31.40
1653820751.294688,31.39
1653820751.396069,31.38
1653820751.49732,31.37
1653820751.598649,31.39
1653820751.699965,31.39
1653820751.80125,31.38
1653820751.902483,31.39
1653820752.003908,31.38
1653820752.105138,31.38
1653820752.206371,31.37
1653820752.308859,31.38
1653820752.41887,31.39
1653820752.512717,31.37
1653820752.611652,31.39
1653820752.713403,31.39
1653820752.814321,31.39
1653820752.915557,31.38
1653820753.016868,31.38
1653820753.118202,31.38
1653820753.219417,31.37
1653820753.320824,31.39
1653820753.422549,31.40
1653820753.523345,31.40
1653820753.624693,31.39
1653820753.725931,31.39
1653820753.828905,31.39
1653820753.928569,31.39
1653820754.029945,31.40
1653820754.131247,31.41
1653820754.232749,31.39
1653820754.333779,31.38
1653820754.435164,31.38
1653820754.536389,31.39
1653820754.637661,31.38
1653820754.739054,31.39
1653820754.840379,31.37
1653820754.941678,31.40
1653820755.042951,31.38
1653820755.14425,31.38
1653820755.24557,31.41
1653820755.346837,31.41
1653820755.448417,31.39
1653820755.549458,31.39
1653820755.650739,31.38
1653820755.752079,31.39
1653820755.853332,31.39
1653820755.954738,31.40
1653820756.055984,31.39
1653820756.157527,31.40
1653820756.258569,31.39
1653820756.359917,31.41
1653820756.461263,31.40
1653820756.562484,31.39
1653820756.663862,31.39
1653820756.765153,31.41
1653820756.866393,31.39
1653820756.967772,31.40
1653820757.069688,31.41
1653820757.171306,31.40
1653820757.271646,31.39
1653820757.372981,31.39
1653820757.474241,31.38
1653820757.575604,31.39
1653820757.676966,31.39
1653820757.778275,31.39
1653820757.87946,31.39
1653820757.980839,31.40
1653820758.082186,31.40
1653820758.183373,31.38
1653820758.284769,31.39
1653820758.386485,31.38
1653820758.487338,31.39
1653820758.588747,31.39
1653820758.689977,31.37
1653820758.791199,31.39
1653820758.892604,31.39
1653820758.993856,31.38
1653820759.095303,31.40
1653820759.196436,31.38
1653820759.297787,31.38
1653820759.399019,31.39
1653820759.500445,31.38
1653820759.601653,31.37
1653820759.703229,31.38
1653820759.804311,31.37
1653820759.905658,31.39
1653820760.006971,31.38
1653820760.10823,31.39
1653820760.2098,31.38
1653820760.310882,31.39
1653820760.412625,31.39
1653820760.513418,31.39
1653820760.614848,31.38
1653820760.716095,31.38
1653820760.81736,31.37
1653820760.918768,31.37
1653820761.020013,31.37
1653820761.121319,31.38
1653820761.222739,31.37
1653820761.324325,31.38
1653820761.425245,31.38
1653820761.526518,31.37
1653820761.627804,31.37
1653820761.729108,31.37
1653820761.83039,31.39
1653820761.931843,31.39
1653820762.033091,31.38
1653820762.13452,31.38
1653820762.235686,31.39
1653820762.337065,31.38
1653820762.438283,31.38
1653820762.539562,31.38
1653820762.640923,31.39
1653820762.742339,31.38
1653820762.84362,31.40
1653820762.948895,31.37
1653820763.046182,31.37
1653820763.147435,31.39
1653820763.248911,31.39
1653820763.350047,31.37
1653820763.451522,31.37
1653820763.552872,31.37
1653820763.654156,31.39
1653820763.755401,31.37
1653820763.85672,31.37
1653820763.958049,31.38
1653820764.059317,31.37
1653820764.160623,31.39
1653820764.262051,31.37
1653820764.365242,31.39
1653820764.464582,31.37
1653820764.565957,31.39
1653820764.667253,31.37
1653820764.768699,31.36
1653820764.869938,31.37
1653820764.971247,31.37
1653820765.072582,31.38
1653820765.17394,31.37
1653820765.275207,31.37
1653820765.376469,31.38
1653820765.477884,31.37
1653820765.579158,31.38
1653820765.680426,31.35
1653820765.781801,31.36
1653820765.883124,31.38
1653820765.984366,31.37
1653820766.085884,31.34
1653820766.18708,31.36
1653820766.288561,31.37
1653820766.389772,31.36
1653820766.49166,31.36
1653820766.592447,31.36
1653820766.693719,31.36
1653820766.795076,31.36
1653820766.896349,31.37
1653820766.997611,31.36
1653820767.099024,31.36
1653820767.200235,31.37
1653820767.301649,31.35
1653820767.403485,31.34
1653820767.504298,31.34
1653820767.605639,31.36
1653820767.706864,31.35
1653820767.808881,31.36
1653820767.90948,31.36
1653820768.010888,31.36
1653820768.112224,31.36
1653820768.213485,31.34
1653820768.314896,31.36
1653820768.416682,31.36
1653820768.517461,31.36
1653820768.618833,31.35
1653820768.720202,31.37
1653820768.821482,31.35
1653820768.922931,31.35
1653820769.024065,31.36
1653820769.125512,31.35
1653820769.22724,31.35
1653820769.32799,31.36
1653820769.429338,31.36
1653820769.530689,31.36
1653820769.631941,31.33
1653820769.733375,31.34
1653820769.834804,31.36
1653820769.935998,31.35
1653820770.037418,31.35
1653820770.138662,31.34
1653820770.239984,31.36
1653820770.341243,31.36
1653820770.442656,31.34
1653820770.546409,31.36
1653820770.648938,31.34
1653820770.746574,31.34
1653820770.847835,31.36
1653820770.949403,31.34
1653820771.050443,31.34
1653820771.151872,31.34
1653820771.25316,31.34
1653820771.354413,31.35
1653820771.455808,31.35
1653820771.557092,31.33
1653820771.65838,31.34
1653820771.759879,31.36
1653820771.861039,31.34
1653820771.962612,31.35
1653820772.063707,31.34
1653820772.165155,31.35
1653820772.266379,31.36
1653820772.368266,31.36
1653820772.468977,31.34
1653820772.570326,31.34
1653820772.671774,31.36
1653820772.772901,31.34
1653820772.874362,31.35
1653820772.975649,31.34
1653820773.076894,31.34
1653820773.178334,31.32
1653820773.279645,31.33
1653820773.380854,31.35
1653820773.482238,31.34
1653820773.583542,31.34
1653820773.684819,31.36
1653820773.786226,31.34
1653820773.887509,31.36
1653820773.988888,31.34
1653820774.090161,31.34
1653820774.191498,31.34
1653820774.292778,31.35
1653820774.394843,31.34
1653820774.495494,31.34
1653820774.596821,31.34
1653820774.698134,31.34
1653820774.799438,31.34
1653820774.900698,31.33
1653820775.002091,31.34
1653820775.10355,31.35
1653820775.204729,31.34
1653820775.306577,31.35
1653820775.407352,31.34
1653820775.508749,31.35
1653820775.609934,31.35
1653820775.711352,31.33
1653820775.81497,31.34
1653820775.913902,31.35
1653820776.01757,31.35
1653820776.116576,31.35
1653820776.217894,31.34
1653820776.319334,31.35
1653820776.42053,31.33
1653820776.521974,31.36
1653820776.623209,31.34
1653820776.724589,31.36
1653820776.825806,31.35
1653820776.927366,31.34
1653820777.028463,31.36
1653820777.129807,31.35
1653820777.231147,31.36
1653820777.332441,31.35
1653820777.433824,31.35
1653820777.535097,31.34
1653820777.636578,31.34
1653820777.737788,31.35
1653820777.839086,31.36
1653820777.940406,31.36
1653820778.041673,31.36
1653820778.143103,31.36
1653820778.245004,31.36
1653820778.345642,31.34
1653820778.447138,31.36
1653820778.548533,31.34
1653820778.649592,31.36
1653820778.751002,31.37
1653820778.852488,31.37
1653820778.953542,31.34
1653820779.054971,31.35
1653820779.156279,31.36
1653820779.257676,31.36
1653820779.358987,31.35
1653820779.460227,31.36
1653820779.56158,31.36
1653820779.66298,31.35
1653820779.764255,31.34
1653820779.865446,31.36
1653820779.966894,31.36
1653820780.068207,31.35
1653820780.169479,31.35
1653820780.270999,31.35
1653820780.372162,31.36
1653820780.47365,31.34
1653820780.57566,31.35
1653820780.676077,31.36
1653820780.777386,31.35
1653820780.878734,31.36
1653820780.988933,31.37
1653820781.08137,31.36
1653820781.18263,31.34
1653820781.284025,31.35
1653820781.385355,31.36
1653820781.48658,31.36
1653820781.588119,31.33
1653820781.689246,31.36
1653820781.790541,31.37
1653820781.891941,31.36
1653820781.993254,31.35
1653820782.094644,31.36
1653820782.19591,31.36
1653820782.29717,31.36
1653820782.398579,31.35
1653820782.499862,31.36
1653820782.601191,31.35
1653820782.702498,31.36
1653820782.803849,31.36
1653820782.905151,31.36
1653820783.006374,31.36
1653820783.107843,31.36
1653820783.209165,31.36
1653820783.31037,31.36
1653820783.41176,31.36
1653820783.513133,31.36
1653820783.614366,31.36
1653820783.715762,31.35
1653820783.81706,31.35
1653820783.91831,31.36
1653820784.019688,31.35
1653820784.121017,31.37
1653820784.222267,31.36
1653820784.323703,31.36
1653820784.424985,31.36
1653820784.526397,31.35
1653820784.627582,31.36
1653820784.728968,31.37
1653820784.83023,31.36
1653820784.93152,31.37
1653820785.033198,31.36
1653820785.134241,31.34
1653820785.23567,31.37
1653820785.336969,31.36
1653820785.438182,31.36
1653820785.539497,31.37
1653820785.640756,31.37
1653820785.742084,31.35
1653820785.843468,31.37
1653820785.944717,31.38
1653820786.046198,31.36
1653820786.14735,31.35
1653820786.248852,31.36
1653820786.350639,31.36
1653820786.451345,31.36
1653820786.553279,31.36
1653820786.656152,31.35
1653820786.755596,31.37
1653820786.856631,31.36
1653820786.958073,31.36
1653820787.059846,31.36
1653820787.16073,31.35
1653820787.261965,31.36
1653820787.363269,31.36
1653820787.464581,31.35
1653820787.565967,31.34
1653820787.667207,31.36
1653820787.768627,31.37
1653820787.869853,31.35
1653820787.97127,31.36
1653820788.072556,31.35
1653820788.173877,31.35
1653820788.275124,31.37
1653820788.376534,31.34
1653820788.478209,31.36
1653820788.579213,31.36
1653820788.680491,31.36
1653820788.78182,31.36
1653820788.883143,31.36
1653820788.987509,31.35
1653820789.085786,31.35
1653820789.187067,31.34
1653820789.288461,31.37
1653820789.389703,31.35
1653820789.491241,31.36
1653820789.593582,31.37
1653820789.693643,31.37
1653820789.794961,31.37
1653820789.896264,31.36
1653820789.997658,31.35
1653820790.098926,31.35
1653820790.200285,31.36
1653820790.301616,31.37
1653820790.402972,31.35
1653820790.50473,31.36
1653820790.605484,31.36
1653820790.706879,31.34
1653820790.808347,31.36
1653820790.911177,31.36
1653820791.010833,31.36
1653820791.112158,31.36
1653820791.213495,31.36
1653820791.315084,31.37
1653820791.416099,31.35
1653820791.517429,31.37
1653820791.618705,31.37
1653820791.720072,31.36
1653820791.821345,31.37
1653820791.922642,31.36
1653820792.02403,31.36
1653820792.125278,31.36
1653820792.22676,31.37
1653820792.328413,31.36
1653820792.429241,31.37
1653820792.53062,31.36
1653820792.632527,31.36
1653820792.733185,31.37
1653820792.834575,31.36
1653820792.936137,31.36
1653820793.037149,31.37
1653820793.138603,31.36
1653820793.239885,31.35
1653820793.341111,31.37
1653820793.442494,31.35
1653820793.543813,31.37
1653820793.645112,31.36
1653820793.746441,31.37
1653820793.847724,31.37
1653820793.949146,31.36
1653820794.05035,31.35
1653820794.151827,31.38
1653820794.253007,31.37
1653820794.354467,31.36
1653820794.455738,31.37
1653820794.556978,31.37
1653820794.658464,31.36
1653820794.759659,31.36
1653820794.860938,31.36
1653820794.962356,31.37
1653820795.063751,31.36
1653820795.164919,31.36
1653820795.266311,31.37
1653820795.367557,31.36
1653820795.468967,31.36
1653820795.570214,31.39
1653820795.671671,31.37
1653820795.772908,31.37
1653820795.874161,31.36
1653820795.97555,31.36
1653820796.07896,31.37
1653820796.178157,31.36
1653820796.279875,31.37
1653820796.381029,31.37
1653820796.482053,31.37
1653820796.583526,31.37
1653820796.685505,31.36
1653820796.786019,31.38
1653820796.88744,31.37
1653820796.988754,31.38
1653820797.090075,31.38
1653820797.191429,31.37
1653820797.292664,31.36
1653820797.393957,31.39
1653820797.49537,31.38
1653820797.59663,31.37
1653820797.697971,31.36
1653820797.799296,31.39
1653820797.900638,31.38
1653820798.001875,31.37
1653820798.103346,31.37
1653820798.204554,31.36
1653820798.305848,31.38
1653820798.407244,31.38
1653820798.50852,31.37
1653820798.609784,31.39
1653820798.711163,31.39
1653820798.812427,31.38
1653820798.913788,31.37
1653820799.015089,31.37
1653820799.116514,31.37
1653820799.217797,31.39
1653820799.319013,31.37
1653820799.420433,31.38
1653820799.521735,31.38
1653820799.622979,31.38
1653820799.72435,31.37
1653820799.825644,31.38
1653820799.92768,31.38
1653820800.028264,31.39
1653820800.129859,31.38
1653820800.231014,31.38
1653820800.3323,31.38
1653820800.433544,31.37
1653820800.534888,31.38
1653820800.636374,31.37
1653820800.737568,31.39
1653820800.840988,31.39
1653820800.94037,31.38
1653820801.048961,31.39
1653820801.1431,31.38
1653820801.244226,31.37
1653820801.345587,31.37
1653820801.446762,31.39
1653820801.548082,31.40
1653820801.649459,31.41
1653820801.750713,31.38
1653820801.852061,31.39
1653820801.953345,31.38
1653820802.054854,31.39
1653820802.156152,31.40
1653820802.257381,31.38
1653820802.358777,31.40
1653820802.460011,31.37
1653820802.561299,31.39
1653820802.663227,31.39
1653820802.764464,31.40
1653820802.865466,31.39
1653820802.966642,31.39
1653820803.067911,31.40
1653820803.169206,31.39
1653820803.270544,31.37
1653820803.37183,31.39
1653820803.473246,31.37
1653820803.574629,31.39
1653820803.675909,31.38
1653820803.777194,31.39
1653820803.878423,31.39
1653820803.979833,31.39
1653820804.08107,31.39
1653820804.182558,31.39
1653820804.28372,31.39
1653820804.385164,31.38
1653820804.486408,31.39
1653820804.587704,31.39
1653820804.689096,31.39
1653820804.790425,31.39
1653820804.891668,31.39
1653820804.993153,31.39
1653820805.094319,31.37
1653820805.195631,31.40
1653820805.299408,31.38
1653820805.398268,31.39
1653820805.499597,31.39
1653820805.600947,31.39
1653820805.702306,31.39
1653820805.803535,31.39
1653820805.904894,31.40
1653820806.00623,31.39
1653820806.107493,31.39
1653820806.208932,31.39
1653820806.310188,31.38
1653820806.411451,31.38
1653820806.512806,31.40
1653820806.614176,31.38
1653820806.715467,31.38
1653820806.816735,31.39
1653820806.918841,31.38
1653820807.019426,31.37
1653820807.120783,31.38
1653820807.22204,31.39
1653820807.32334,31.39
1653820807.424721,31.39
1653820807.526024,31.40
1653820807.628855,31.40
1653820807.728871,31.40
1653820807.829958,31.39
1653820807.931245,31.39
1653820808.032636,31.39
1653820808.133891,31.39
1653820808.235634,31.40
1653820808.336606,31.39
1653820808.437978,31.39
1653820808.539336,31.40
1653820808.640559,31.40
1653820808.741868,31.39
1653820808.843212,31.39
1653820808.944526,31.40
1653820809.045794,31.39
1653820809.147169,31.38
1653820809.24846,31.39
1653820809.349836,31.39
1653820809.451179,31.40
1653820809.552388,31.38
1653820809.653762,31.40
1653820809.755102,31.39
1653820809.856418,31.39
1653820809.957737,31.39
1653820810.059015,31.39
1653820810.160933,31.40
1653820810.261609,31.38
1653820810.362997,31.38
1653820810.46435,31.38
1653820810.565569,31.37
1653820810.667039,31.39
1653820810.768298,31.39
1653820810.869541,31.39
1653820810.970931,31.41
1653820811.072198,31.41
1653820811.173541,31.41
1653820811.274881,31.39
1653820811.376276,31.40
1653820811.477622,31.39
1653820811.578909,31.40
1653820811.680639,31.40
1653820811.781453,31.40
1653820811.882864,31.40
1653820811.984196,31.39
1653820812.085414,31.39
1653820812.186857,31.38
1653820812.288123,31.38
1653820812.389397,31.37
1653820812.498927,31.36
1653820812.592368,31.37
1653820812.693481,31.37
1653820812.794655,31.36
1653820812.895938,31.38
1653820812.997356,31.36
1653820813.098605,31.36
1653820813.20014,31.37
1653820813.30134,31.37
1653820813.402615,31.37
1653820813.503901,31.36
1653820813.605193,31.36
1653820813.706689,31.37
1653820813.807927,31.37
1653820813.909234,31.38
1653820814.010477,31.38
1653820814.11209,31.37
1653820814.213112,31.37
1653820814.318942,31.39
1653820814.415724,31.39
1653820814.517318,31.38
1653820814.618409,31.38
1653820814.719671,31.37
1653820814.82107,31.39
1653820814.922386,31.38
1653820815.023765,31.38
1653820815.125049,31.37
1653820815.226433,31.39
1653820815.327653,31.38
1653820815.428989,31.39
1653820815.530301,31.37
1653820815.631649,31.37
1653820815.732987,31.38
1653820815.83426,31.38
1653820815.935585,31.39
1653820816.036995,31.39
1653820816.138201,31.38
1653820816.239569,31.37
1653820816.340967,31.40
1653820816.442219,31.39
1653820816.54355,31.37
1653820816.644805,31.37
1653820816.746101,31.36
1653820816.847543,31.38
1653820816.9488,31.37
1653820817.050134,31.37
1653820817.151386,31.36
1653820817.253039,31.36
1653820817.354679,31.39
1653820817.455325,31.36
1653820817.556741,31.37
1653820817.658063,31.38
1653820817.759283,31.37
1653820817.860736,31.36
1653820817.96202,31.36
1653820818.063301,31.38
1653820818.164651,31.39
1653820818.266045,31.38
1653820818.367233,31.39
1653820818.46867,31.38
1653820818.570338,31.39
1653820818.671197,31.39
1653820818.772592,31.37
1653820818.873882,31.39
1653820818.975155,31.38
1653820819.076665,31.38
1653820819.177881,31.36
1653820819.279182,31.40
1653820819.380457,31.38
1653820819.481838,31.38
1653820819.583143,31.38
1653820819.684399,31.38
1653820819.785861,31.38
1653820819.887117,31.39
1653820819.988384,31.37
1653820820.089721,31.39
1653820820.191005,31.39
1653820820.292434,31.39
1653820820.393656,31.39
1653820820.495015,31.39
1653820820.596379,31.37
1653820820.697701,31.39
1653820820.799069,31.39
1653820820.900328,31.37
1653820821.001633,31.37
1653820821.102894,31.37
1653820821.204318,31.38
1653820821.305617,31.37
1653820821.406869,31.37
1653820821.508256,31.38
1653820821.609561,31.38
1653820821.710979,31.36
1653820821.812158,31.39
1653820821.914949,31.38
1653820822.014862,31.37
1653820822.116106,31.35
1653820822.217476,31.37
1653820822.318756,31.38
1653820822.420562,31.39
1653820822.521422,31.40
1653820822.622791,31.38
1653820822.7241,31.38
1653820822.825335,31.39
1653820822.926669,31.37
1653820823.02794,31.38
1653820823.12933,31.37
1653820823.231326,31.39
1653820823.331935,31.37
1653820823.43332,31.40
1653820823.534641,31.38
1653820823.635978,31.39
1653820823.737214,31.38
1653820823.838647,31.38
1653820823.939948,31.39
1653820824.041179,31.38
1653820824.142564,31.38
1653820824.243843,31.38
1653820824.345494,31.40
1653820824.446673,31.40
1653820824.547737,31.40
1653820824.649138,31.38
1653820824.750438,31.39
1653820824.851685,31.39
1653820824.953152,31.39
1653820825.054434,31.39
1653820825.155643,31.39
1653820825.257067,31.39
1653820825.358319,31.37
1653820825.459701,31.37
1653820825.561095,31.39
1653820825.66227,31.39
1653820825.763627,31.39
1653820825.864954,31.39
1653820825.966244,31.37
1653820826.067631,31.38
1653820826.168925,31.38
1653820826.270178,31.38
1653820826.37154,31.38
1653820826.473217,31.38
1653820826.574118,31.40
1653820826.675871,31.39
1653820826.776736,31.39
1653820826.878149,31.38
1653820826.979486,31.39
1653820827.080771,31.40
1653820827.182135,31.39
1653820827.283677,31.38
1653820827.385876,31.39
1653820827.486072,31.38
1653820827.587499,31.39
1653820827.688784,31.39
1653820827.789969,31.39
1653820827.891314,31.40
1653820827.992757,31.38
1653820828.093917,31.39
1653820828.195336,31.38
1653820828.296609,31.38
1653820828.39789,31.38
1653820828.499217,31.39
1653820828.600578,31.38
1653820828.701824,31.39
1653820828.803175,31.38
1653820828.904607,31.39
1653820829.005798,31.37
1653820829.10717,31.39
1653820829.20854,31.40
1653820829.309776,31.39
1653820829.411332,31.38
1653820829.512403,31.37
1653820829.614353,31.39
1653820829.715053,31.38
1653820829.816439,31.37
1653820829.917751,31.39
1653820830.019146,31.37
1653820830.120366,31.39
1653820830.221743,31.39
1653820830.32302,31.39
1653820830.42427,31.38
1653820830.52579,31.39
1653820830.627097,31.38
1653820830.72827,31.39
1653820830.829568,31.38
1653820830.931003,31.39
1653820831.032495,31.38
1653820831.133716,31.36
1653820831.234893,31.38
1653820831.336256,31.39
1653820831.438093,31.38
1653820831.538823,31.38
1653820831.640193,31.38
1653820831.741716,31.37
1653820831.842821,31.38
1653820831.94411,31.38
1653820832.045431,31.37
1653820832.146846,31.36
1653820832.248045,31.37
1653820832.34939,31.37
1653820832.450681,31.39
1653820832.552007,31.38
1653820832.653399,31.38
1653820832.754702,31.37
1653820832.855992,31.37
1653820832.957355,31.37
1653820833.058914,31.37
1653820833.15991,31.37
1653820833.261274,31.37
1653820833.362574,31.35
1653820833.463877,31.38
1653820833.565249,31.35
1653820833.666502,31.37
1653820833.768279,31.37
1653820833.86936,31.36
1653820833.970761,31.36
1653820834.071898,31.36
1653820834.173162,31.37
1653820834.27444,31.36
1653820834.375954,31.36
1653820834.477904,31.37
1653820834.578429,31.36
1653820834.679825,31.37
1653820834.781229,31.37
1653820834.882378,31.36
1653820834.983882,31.35
1653820835.085272,31.36
1653820835.186603,31.37
1653820835.287676,31.36
1653820835.389041,31.36
1653820835.490393,31.36
1653820835.591731,31.35
1653820835.692932,31.35
1653820835.794342,31.35
1653820835.895622,31.34
1653820835.996888,31.33
1653820836.0983,31.35
1653820836.199666,31.34
1653820836.300869,31.36
1653820836.402219,31.34
1653820836.503494,31.35
1653820836.60487,31.34
1653820836.706154,31.33
1653820836.8076,31.34
1653820836.908813,31.36
1653820837.010168,31.36
1653820837.111479,31.35
1653820837.212753,31.35
1653820837.314201,31.35
